10190	4	2	2	4	4	5	5	5	5	5	4	4	5	4	5	5	5	5	5	5	5	5	5	5	5	5	5	5	5	5	5	5	5	5	5	5	5	5	5	5	5	5	5	5	5	5	5	5	5	5	5	5	5	5	5	5	1	5	5	5	5	5	5	5	5	5	1	1	5	5	5	5	5	5	1	5	1	5	5	5	5	5	5	5	5	5	5	5	5	5	5	5	5	5	5	5	5	5	5	5	5	5	5	5	5	5	5	5	5	5	5	5	5	5	5	5	5	5	5	5	5	1	5	5	5	5	5	5	5	5
10310	2	2	2	3	2	2	3	4	3	3	2	3	3	3	3	4	5	4	3	4	3	3	2	2	3	3	3	4	2	2	3	2	3	2	2	2	3	3	4	4	3	2	3	1	2	3	3	2	3	3	4	4	4	2	4	4	3	2	3	2	3	3	4	3	3	3	2	2	3	3	4	2	3	2	3	2	3	3	3	3	3	3	3	4	3	2	3	3	3	3	2	2	1	3	2	4	3	3	4	3	3	3	3	2	3	4	3	2	2	5	3	3	3	4	3	3	2	4	4	3	4	4	2	4	3	2	2	3	4	4
10441	4	3	3	2	2	3	3	3	3	3	3	3	3	3	3	3	3	3	3	3	3	3	3	3	3	3	3	3	3	4	4	3	3	3	4	2	4	4	2	2	4	4	4	4	-99	3	5	4	4	5	2	2	2	2	2	2	2	4	4	4	4	4	4	4	4	5	3	2	3	2	2	3	4	3	4	2	4	4	3	4	4	3	4	2	4	4	4	3	4	4	4	4	4	4	4	4	3	4	4	4	2	4	4	2	2	4	3	3	3	3	4	3	4	4	4	2	2	2	2	2	2	2	4	4	4	4	4	4	4	4
10994	5	3	3	2	3	2	3	2	3	3	3	3	4	4	3	4	2	4	2	3	2	3	4	3	3	4	3	4	5	3	4	3	3	3	4	3	4	4	3	2	3	3	4	-99	2	2	3	4	3	4	2	1	2	2	2	3	2	4	3	4	3	3	4	4	5	5	4	4	3	4	3	3	4	3	4	3	3	4	3	3	2	2	3	4	4	3	3	3	3	3	4	3	5	5	4	4	3	4	3	4	4	3	4	2	2	4	4	4	3	4	1	5	3	4	5	2	2	3	2	3	3	2	2	4	4	3	4	5	4	4
11035	4	4	4	2	2	4	3	2	2	2	4	4	4	4	2	2	3	3	2	3	3	3	4	3	3	3	3	3	4	5	4	3	4	4	4	2	4	4	2	2	4	4	4	3	4	2	4	4	4	3	2	2	2	1	2	2	2	4	4	4	4	4	4	4	3	4	4	4	2	2	2	2	2	2	2	4	4	4	4	2	2	2	2	2	2	4	4	4	4	4	4	4	4	4	4	5	4	4	4	4	2	4	4	2	1	5	4	4	4	4	2	4	3	4	4	1	2	2	2	2	3	3	3	3	3	2	3	3	3	3
11280	1	1	3	5	5	2	5	5	5	5	5	5	5	5	5	5	5	5	5	5	5	5	5	5	5	5	5	5	5	5	5	5	5	2	5	2	5	5	5	5	5	5	5	5	5	5	5	5	5	5	5	5	5	5	5	5	5	5	5	5	5	5	5	5	5	1	3	3	1	5	2	5	5	5	5	5	5	5	5	5	5	5	5	5	5	5	5	5	5	5	5	5	5	5	5	5	5	5	4	5	5	5	5	5	5	5	5	4	4	4	5	5	5	5	5	5	5	5	5	5	5	5	5	5	5	5	5	5	5	5
11316	4	1	4	4	5	3	5	4	1	2	4	5	5	5	1	5	1	5	1	4	4	5	5	5	5	5	5	5	5	1	5	5	5	5	5	1	5	4	4	5	5	5	5	5	5	5	2	5	4	5	5	4	4	4	4	3	4	5	5	5	5	5	5	5	5	3	2	2	2	4	2	5	5	5	5	2	3	4	4	5	4	2	2	2	4	3	4	4	4	5	4	5	4	4	2	5	5	4	5	5	2	5	5	5	5	4	5	4	4	4	1	4	4	4	4	2	5	4	4	4	4	4	4	4	3	4	5	4	4	5
11413	4	4	5	5	4	5	5	5	5	4	5	4	5	5	5	4	4	4	5	4	4	4	5	4	4	4	3	5	5	5	5	5	5	5	5	5	5	5	5	5	4	1	1	4	4	5	4	5	4	5	4	5	5	5	2	5	5	5	1	1	5	5	5	5	5	2	4	4	4	4	5	4	5	5	5	4	4	5	5	5	4	4	4	4	5	5	5	5	5	5	5	4	3	5	5	5	5	4	4	3	3	5	5	4	4	4	4	4	5	5	4	5	5	5	5	5	5	5	5	4	5	5	5	4	5	5	5	5	4	4
11547	4	1	5	5	5	5	5	5	5	5	5	5	5	4	5	5	5	5	1	5	5	1	5	5	5	5	5	5	5	5	5	5	5	5	5	1	5	5	5	5	5	5	5	5	5	5	5	5	5	5	5	5	5	5	5	5	5	5	5	5	5	5	5	5	5	3	1	4	5	5	5	5	5	5	5	5	4	5	1	5	5	5	5	2	5	1	1	4	5	5	5	5	5	5	5	5	5	5	5	5	1	5	5	5	5	5	5	5	5	5	1	5	5	5	5	1	5	4	5	5	4	4	4	4	4	5	5	4	4	5
11824	3	2	1	3	4	2	5	5	4	4	5	5	5	3	5	5	2	4	4	4	5	5	5	5	5	5	5	5	5	4	5	5	5	4	5	5	5	5	5	5	5	5	5	5	5	5	5	5	3	5	5	5	5	5	5	5	5	5	5	5	5	5	5	5	5	2	2	3	4	4	3	4	4	4	4	4	5	5	3	5	5	4	5	4	5	5	5	4	5	5	5	5	5	5	4	5	5	5	4	4	5	5	4	5	4	4	4	5	5	5	4	5	5	5	5	4	1	1	1	5	1	5	5	5	5	4	5	5	5	5
12671	5	5	5	1	1	1	1	1	1	1	5	5	5	4	1	1	1	1	2	1	5	5	4	4	4	4	5	3	4	3	5	4	5	4	4	3	4	5	4	2	4	3	4	4	4	1	5	4	3	4	2	2	1	2	1	1	2	4	5	5	5	5	5	4	5	5	5	4	2	1	3	2	2	1	3	4	4	4	4	3	2	2	4	5	2	5	3	4	3	5	4	5	3	3	5	5	5	4	4	4	2	5	5	1	1	1	4	3	5	5	1	5	5	5	4	2	1	1	3	2	1	2	3	2	4	4	4	4	4	4
13023	4	1	1	3	4	2	4	4	5	5	3	4	5	5	5	5	5	5	1	5	5	4	5	5	5	5	5	5	5	5	5	5	5	5	5	1	5	5	5	2	5	5	5	5	5	-99	5	5	5	5	5	5	5	5	5	5	5	5	5	5	5	5	5	5	5	3	1	2	2	4	3	4	4	5	5	3	4	4	3	3	5	5	4	3	5	2	2	1	3	2	4	4	3	3	4	5	5	5	4	5	2	5	5	4	2	4	4	4	3	2	5	3	3	5	5	5	5	5	5	5	5	5	5	4	5	5	5	5	5	4
13042	4	4	4	1	2	2	2	2	1	2	4	4	4	4	2	2	2	2	2	2	4	4	4	4	4	4	4	4	4	3	4	4	4	4	4	2	4	4	2	2	4	4	4	4	4	2	4	4	4	4	2	2	2	2	2	2	2	4	4	4	4	4	4	5	4	4	3	4	3	4	2	2	2	3	2	2	4	3	3	4	3	3	3	2	2	5	4	3	3	3	4	4	3	4	3	3	3	4	4	4	2	4	4	2	2	4	4	4	4	4	2	3	4	3	3	3	2	2	2	2	2	2	4	4	4	4	4	4	4	4
13532	5	4	4	2	2	2	2	1	2	2	4	4	5	4	2	2	1	1	1	2	5	5	4	5	5	4	4	4	4	4	4	5	4	4	4	2	4	4	2	2	4	4	5	4	4	2	5	5	4	4	2	2	1	1	2	1	2	4	4	5	5	5	4	5	5	5	4	5	3	1	1	2	2	1	2	4	3	4	5	4	2	2	2	2	2	4	4	4	5	4	3	5	4	4	5	4	5	3	4	4	2	4	4	2	2	5	4	5	4	5	2	4	4	4	4	1	3	2	3	2	2	2	3	4	4	4	4	4	4	4
13618	3	3	2	1	4	1	3	2	1	4	3	2	3	2	4	3	3	1	3	4	5	3	4	3	2	4	2	3	5	3	2	3	4	5	3	1	3	4	4	3	4	-99	1	2	3	3	3	2	2	2	5	4	4	3	3	4	1	-99	1	5	2	4	5	4	4	3	2	4	4	3	1	2	4	3	3	4	4	3	3	3	2	1	3	4	2	3	4	3	4	4	4	2	3	4	4	5	2	3	3	2	4	3	4	3	2	3	4	2	3	4	2	3	4	5	3	2	3	4	3	3	2	4	3	4	5	3	1	3	1	2
13763	4	4	2	5	5	4	4	4	4	4	2	4	2	2	4	2	2	2	2	2	4	4	3	2	4	4	5	5	5	5	4	5	5	5	5	1	5	4	2	1	5	5	5	5	5	1	5	5	5	5	1	1	1	1	1	1	1	5	5	5	5	5	5	5	5	4	4	4	2	2	2	2	5	4	3	1	4	4	1	2	2	2	2	2	2	4	4	4	4	4	4	4	4	4	4	4	4	4	4	4	2	5	4	2	2	4	4	4	4	4	2	5	4	5	4	1	1	2	2	1	1	1	5	5	5	5	4	5	5	5
14086	2	2	2	5	3	4	5	5	5	5	2	2	1	2	3	4	5	3	4	5	3	3	2	2	1	1	3	2	2	1	2	3	3	1	2	5	2	2	5	3	2	2	1	2	3	4	2	1	1	2	5	4	4	4	5	5	4	2	1	1	2	1	2	1	3	2	1	2	5	3	4	2	4	5	5	2	1	2	1	5	4	4	3	4	5	1	1	2	2	1	2	1	1	2	1	1	2	2	1	2	5	2	1	4	4	1	2	1	2	1	4	1	1	2	3	4	4	5	5	4	4	3	2	3	3	2	1	3	2	2
14230	4	1	5	3	2	1	5	2	1	5	4	5	2	4	2	2	2	3	1	3	4	2	1	5	4	5	4	1	3	4	4	5	1	3	4	2	5	4	1	5	5	2	4	5	2	3	4	4	4	5	2	1	1	3	2	4	2	4	4	5	5	4	5	2	4	4	4	2	2	1	5	2	1	3	3	4	5	1	4	1	2	1	4	2	2	5	4	5	3	4	5	5	4	2	5	4	5	5	5	1	4	3	4	2	1	4	1	4	5	4	2	5	2	3	4	2	1	2	4	1	3	1	4	4	5	4	5	4	4	5
14961	5	3	3	2	3	3	5	5	5	5	3	4	4	3	4	5	5	5	3	3	5	5	5	5	4	5	5	5	5	5	5	5	5	5	5	3	5	5	5	5	5	5	4	4	4	5	5	5	4	5	5	5	5	5	5	5	3	5	3	5	5	5	5	5	5	3	3	3	3	3	4	5	5	5	5	3	4	4	3	3	5	5	5	3	3	5	3	4	5	3	4	5	5	5	5	5	5	5	4	5	3	4	5	5	5	3	5	3	4	4	5	5	5	3	5	5	5	5	5	5	5	5	5	3	5	5	5	5	5	5
15110	5	2	3	2	5	3	2	5	1	2	5	1	4	2	5	3	1	2	2	5	4	5	3	5	5	5	5	5	5	5	5	5	5	5	5	1	5	5	5	5	4	4	5	3	5	2	5	5	3	5	3	1	1	5	4	2	2	5	5	5	5	5	5	5	5	5	2	1	3	5	3	1	5	1	2	4	4	3	4	5	5	1	5	2	5	5	5	5	5	5	5	5	5	5	4	5	5	5	5	5	1	5	5	5	1	3	4	1	4	4	4	5	5	3	5	2	3	1	3	4	1	2	4	5	5	5	3	5	2	5
15183	4	2	3	1	4	4	5	5	4	4	4	4	4	2	3	4	4	3	3	2	5	1	5	5	4	5	5	4	5	5	4	5	4	5	5	3	5	5	5	5	5	5	5	5	5	5	4	4	5	5	5	5	5	3	5	5	4	5	5	5	5	5	5	4	4	4	1	1	1	1	1	5	5	5	5	4	4	5	1	5	4	4	4	2	2	5	3	5	5	4	5	5	5	5	5	4	5	4	4	5	2	5	5	5	4	5	5	5	5	5	5	5	5	5	5	5	5	5	5	5	5	5	5	5	5	5	5	5	4	4
15344	3	3	3	3	3	3	3	3	3	3	3	3	3	3	3	3	2	3	3	3	3	3	3	3	3	3	3	3	3	3	3	3	3	3	3	3	3	3	3	3	3	3	2	3	3	3	3	3	3	3	3	3	3	3	3	3	3	3	3	3	3	3	3	3	3	3	3	3	3	3	3	3	3	3	3	3	3	3	3	3	3	3	3	3	3	3	3	3	3	3	3	3	3	3	3	3	3	3	3	3	3	3	3	3	3	3	3	3	3	3	3	3	3	3	3	3	3	3	3	3	3	3	3	3	3	3	3	3	3	3
16022	4	5	4	1	2	2	1	5	5	4	1	1	2	2	1	1	1	4	1	4	4	1	3	5	4	5	4	2	4	5	4	5	4	4	5	2	5	5	2	1	4	5	4	5	4	1	4	4	5	1	1	5	2	1	2	1	1	4	5	5	4	5	5	4	4	4	4	5	2	1	1	4	5	4	4	4	5	5	4	1	2	1	5	1	2	5	5	4	5	4	4	4	4	5	4	5	5	4	5	4	1	4	5	2	1	4	5	4	5	5	2	5	5	4	4	2	1	2	1	2	1	1	5	4	5	4	5	4	4	5
16308	3	1	2	2	5	5	5	5	3	3	5	5	5	5	5	5	3	5	5	5	3	5	5	5	4	5	5	3	5	5	5	5	5	5	3	2	5	5	3	4	5	4	4	4	5	2	5	4	4	4	2	5	5	5	5	4	5	5	4	5	4	5	5	5	4	3	1	2	2	3	5	5	5	3	3	5	4	4	5	5	5	3	5	3	5	4	5	5	4	5	5	5	3	4	5	5	5	5	5	4	2	5	5	3	5	5	4	4	3	4	2	4	4	4	4	2	5	5	5	5	5	5	5	5	5	5	5	5	5	4
16728	5	4	5	2	1	2	1	2	2	1	4	4	5	5	2	1	2	1	1	1	4	5	5	4	3	4	5	5	5	3	4	4	2	5	3	1	4	5	2	2	3	5	3	5	5	2	4	5	4	5	2	1	-99	2	2	1	1	5	5	5	5	5	4	4	5	4	5	4	2	3	2	1	2	2	1	4	3	5	4	1	2	1	2	1	3	5	4	4	5	3	4	5	5	4	3	5	4	4	5	2	1	5	4	3	1	4	5	5	3	3	1	3	4	5	3	2	1	2	1	2	1	2	4	4	3	3	3	5	5	4
16730	3	1	1	5	5	5	5	5	5	5	5	5	5	5	5	5	5	5	5	5	5	1	5	5	5	3	5	3	5	5	5	5	5	5	5	5	5	5	5	5	5	5	3	5	5	5	5	5	5	5	5	5	5	5	5	4	5	5	3	5	5	5	5	5	5	3	1	1	5	4	5	5	5	5	5	4	5	5	5	5	5	5	5	5	5	5	4	5	5	5	5	5	5	5	5	5	5	5	5	5	4	5	5	5	4	5	5	5	5	4	5	5	5	4	5	1	5	5	4	5	5	5	5	2	5	5	5	5	5	5
16765	4	4	5	3	1	3	1	1	1	3	4	4	5	5	3	4	5	4	4	3	4	5	3	2	5	3	4	5	5	3	2	3	4	5	3	1	3	4	1	3	5	1	2	5	3	2	5	5	2	5	3	1	3	2	4	1	1	3	4	5	4	1	5	4	4	4	3	5	2	3	2	1	1	3	3	5	4	2	4	2	3	3	1	3	2	4	2	4	5	3	5	4	2	3	1	2	3	5	4	4	3	5	4	1	2	3	3	3	4	5	1	4	5	4	4	3	1	3	1	2	4	3	5	4	2	3	4	3	5	4
17075	4	3	2	1	4	2	4	5	3	3	1	4	3	4	3	1	4	3	2	3	2	3	3	4	3	3	1	2	2	5	5	2	3	2	3	4	1	3	2	4	2	2	3	3	5	3	3	3	3	2	4	4	2	4	4	4	3	4	2	3	1	3	5	1	4	3	4	3	3	3	2	4	3	4	3	3	4	4	1	2	1	4	3	2	2	2	2	4	3	3	3	3	4	5	4	4	5	4	3	4	2	5	4	3	3	3	5	5	3	3	4	3	3	4	3	4	2	3	4	1	4	2	4	4	5	3	3	2	3	4
17145	5	1	1	5	5	2	5	5	5	5	5	1	4	1	5	5	5	1	4	4	5	4	5	4	5	4	4	4	4	4	5	4	4	4	4	4	5	5	5	5	5	5	3	5	5	5	4	4	5	4	5	4	5	4	5	5	4	5	2	4	5	4	4	2	2	5	2	3	3	5	2	5	5	4	5	5	5	5	3	5	5	5	5	5	5	1	5	4	4	4	4	4	4	4	4	4	4	4	4	4	2	4	4	5	5	4	5	3	4	4	5	3	4	3	5	2	5	5	5	5	5	4	5	4	4	5	4	4	4	4
17216	4	3	4	3	2	1	1	3	2	2	2	4	4	3	2	3	2	1	3	2	4	3	4	5	4	5	3	4	4	3	5	3	4	5	3	2	5	4	3	1	4	4	5	3	4	3	5	5	4	3	2	1	2	3	2	1	3	4	4	5	3	4	4	5	3	4	3	4	1	2	3	2	1	2	3	4	3	4	5	2	2	1	2	2	3	4	5	4	2	4	2	4	4	3	4	2	3	4	4	3	2	5	4	2	1	3	4	4	3	4	2	3	4	5	4	3	2	2	2	3	1	3	4	4	3	4	4	4	3	4
17732	4	1	3	2	3	4	4	4	5	5	4	4	4	1	4	4	5	4	4	4	5	4	5	5	4	4	5	5	5	5	5	5	4	2	4	4	5	5	5	3	4	5	5	4	5	4	4	4	4	5	4	5	5	4	5	5	3	5	3	5	5	5	5	5	4	5	1	3	2	2	3	4	3	4	4	4	4	5	4	4	4	4	3	4	4	4	3	4	5	5	5	5	5	4	4	5	4	4	4	2	4	5	5	4	2	3	4	4	4	4	4	3	3	3	3	4	3	4	2	5	2	2	5	4	5	4	5	5	5	5
18057	4	3	4	2	2	2	2	4	2	3	3	4	4	4	4	2	2	3	2	4	4	3	4	5	3	4	4	3	4	3	4	5	3	4	4	1	3	5	3	2	5	3	5	4	4	4	4	4	4	3	2	4	2	1	2	2	3	4	4	3	3	4	4	4	3	3	2	4	3	2	2	3	3	4	3	4	4	3	4	3	4	2	3	2	4	4	3	4	3	4	4	3	3	4	3	4	3	4	3	4	3	4	4	3	2	4	4	3	3	4	4	4	3	3	4	2	3	2	2	2	2	2	4	4	3	4	3	4	4	4
18368	3	4	3	1	3	5	5	3	3	4	2	1	2	1	5	5	4	3	4	3	1	2	2	2	3	1	4	3	2	2	3	2	2	3	4	3	4	4	4	2	2	3	4	2	4	2	2	3	3	4	4	4	3	4	4	3	4	4	2	4	2	3	3	1	3	2	5	2	3	2	3	3	3	4	4	3	2	2	1	2	4	3	4	5	4	3	1	2	4	4	2	2	2	1	3	2	2	2	2	2	3	1	1	3	2	3	3	3	4	1	4	3	1	2	2	3	4	3	2	2	3	4	1	3	3	3	2	2	5	1
18507	4	4	4	3	4	4	4	4	4	4	4	4	4	4	4	4	4	4	4	4	5	5	5	5	5	5	5	5	5	3	5	5	5	5	5	5	5	5	5	5	5	5	3	5	5	1	5	5	5	5	5	5	5	5	5	5	5	5	5	5	5	5	5	5	5	4	4	4	3	4	3	4	4	4	4	4	4	4	4	4	4	4	4	4	4	5	5	5	5	5	5	5	5	5	3	5	5	5	5	5	5	5	5	5	5	5	5	3	5	5	5	5	5	3	5	5	5	5	5	5	5	5	5	5	5	5	5	5	5	5
18764	1	3	4	4	2	3	4	3	2	4	2	5	5	2	3	4	4	2	2	3	3	2	5	3	3	4	3	2	3	1	4	2	1	1	1	3	2	4	1	3	5	3	2	1	1	5	3	2	3	1	3	2	2	3	2	1	1	4	2	4	4	3	2	4	4	4	1	3	4	3	4	2	1	2	4	3	1	3	4	2	3	4	2	5	1	4	3	1	2	3	5	4	2	3	2	1	2	5	3	2	2	4	3	2	4	5	3	2	3	3	5	2	2	4	2	3	4	4	5	3	4	3	2	3	3	5	4	2	1	4
19090	3	3	3	4	4	4	5	5	5	5	4	4	3	3	4	4	4	4	4	4	5	3	4	4	4	4	4	4	4	4	4	4	3	4	4	4	4	4	4	3	4	4	4	4	3	4	4	4	4	4	4	5	4	4	4	4	4	4	3	4	4	4	4	4	4	3	2	2	3	2	4	4	4	3	3	4	4	4	3	3	4	3	4	3	4	2	3	4	4	4	4	4	2	2	2	4	4	4	2	2	4	2	4	3	2	2	2	3	3	3	4	4	3	4	4	4	4	4	2	4	3	4	4	4	4	3	3	4	3	3
19143	3	3	3	3	3	3	3	3	3	3	3	3	3	3	3	3	3	3	3	3	3	3	3	3	3	3	3	3	3	3	3	3	3	3	3	3	3	3	3	3	3	3	3	3	3	3	3	3	3	3	3	3	3	3	3	3	3	3	3	3	3	3	3	3	3	3	3	3	3	3	3	3	3	3	3	3	3	3	3	3	3	3	3	3	3	3	3	3	3	3	3	3	3	3	3	3	3	3	3	3	3	3	3	3	3	3	3	3	3	3	3	3	3	3	3	3	3	3	3	3	3	3	3	3	3	3	3	3	3	3
19288	3	4	3	3	2	2	3	3	3	3	4	4	4	4	2	2	2	2	3	3	3	3	1	3	4	3	4	1	1	5	5	2	4	5	4	2	4	3	2	3	3	4	4	4	4	2	5	1	2	5	2	1	2	2	3	3	3	5	4	3	4	4	4	5	4	3	3	4	2	3	2	3	3	1	1	5	4	5	5	2	2	1	2	3	3	3	4	4	5	4	4	5	1	4	3	3	4	4	5	5	3	4	3	2	3	3	4	3	3	4	3	3	4	3	4	1	2	1	3	2	1	2	3	3	3	3	4	3	4	4
19343	4	3	1	1	4	1	5	5	3	5	5	5	5	5	5	3	3	3	3	5	3	3	5	5	4	5	5	5	5	4	5	3	4	5	5	2	5	5	5	4	2	5	5	5	3	3	5	5	3	5	5	5	5	5	1	5	5	5	5	5	5	5	5	5	5	4	3	5	2	3	2	5	4	5	4	5	4	5	4	3	3	2	3	2	3	4	3	5	2	5	4	1	5	3	5	5	3	5	5	4	1	5	5	5	5	1	2	4	3	3	1	5	3	4	3	3	5	5	5	3	5	5	5	5	4	5	5	5	5	3
20609	5	3	5	2	1	2	5	5	3	3	4	4	4	5	3	2	4	2	3	2	4	5	3	4	4	4	3	3	3	2	2	3	4	4	4	1	5	4	2	3	2	2	3	4	5	4	4	4	4	4	2	3	1	2	3	2	2	3	4	3	2	4	2	5	4	5	3	2	2	4	3	5	5	2	3	4	4	5	5	3	2	3	2	2	2	3	4	4	4	2	4	3	4	3	2	5	4	5	2	4	3	4	3	2	4	3	3	2	3	2	2	4	3	3	2	4	2	1	3	1	4	1	3	4	5	3	4	3	5	3
20618	4	5	4	2	1	4	3	3	2	2	1	1	2	5	3	1	5	2	3	1	5	3	2	2	2	1	2	2	2	1	3	4	3	1	3	3	3	3	2	2	5	5	5	5	4	1	5	3	4	2	3	5	3	4	3	5	4	3	5	5	5	2	4	5	3	4	4	4	1	1	2	2	2	2	2	4	4	4	4	1	1	2	3	3	3	4	5	5	3	4	5	5	2	5	5	5	5	5	5	4	2	4	4	1	3	3	2	3	3	3	5	2	2	2	4	2	2	2	2	1	1	4	3	4	2	2	2	3	4	3
20775	3	2	4	3	2	4	5	3	4	4	3	2	1	3	2	4	5	1	4	3	2	4	5	2	1	3	3	2	4	2	4	2	3	4	2	2	3	4	3	3	4	3	3	4	3	4	4	2	3	3	2	4	3	3	4	4	2	2	4	2	3	5	4	3	3	3	2	4	4	4	3	3	5	2	4	3	2	4	2	4	3	3	3	4	3	4	3	2	4	3	3	2	4	2	3	3	5	3	2	3	2	3	2	3	3	4	2	2	2	5	3	3	2	3	4	4	2	3	4	3	2	4	2	3	3	2	4	2	4	2
20920	4	3	5	2	2	4	3	5	3	3	5	5	5	5	1	5	1	1	1	5	5	2	5	1	2	5	5	5	5	5	4	4	5	4	5	1	4	5	4	1	5	3	4	2	2	3	5	4	3	5	1	4	1	-99	2	2	2	2	3	2	4	5	5	4	1	5	2	5	2	1	4	4	4	2	4	5	5	5	5	5	4	2	4	2	2	3	2	3	4	4	1	1	2	3	4	4	3	5	3	2	1	1	4	1	5	3	5	3	1	4	4	5	5	2	3	4	2	1	4	1	1	1	2	5	4	4	4	2	3	3
21576	4	3	2	4	1	2	2	2	4	5	3	2	3	2	2	4	2	3	5	4	4	5	3	4	2	2	4	5	3	4	2	4	4	5	2	1	3	3	2	4	5	5	4	4	3	2	5	4	4	5	3	2	4	2	1	3	1	2	4	5	4	3	2	4	5	2	3	4	2	5	2	4	5	3	2	2	3	4	5	4	3	4	2	4	3	3	4	2	4	2	5	4	2	3	4	4	1	4	5	3	2	5	3	2	1	3	2	5	4	3	4	4	5	3	1	4	2	1	2	1	3	2	5	4	3	4	5	2	4	5
21659	4	5	4	3	2	1	2	1	2	1	4	4	5	4	1	2	2	1	2	1	4	5	4	4	5	4	5	4	5	4	4	5	4	4	5	2	5	4	1	2	4	5	4	3	4	1	4	5	3	4	1	2	1	2	3	1	2	5	4	4	5	4	5	4	3	4	4	5	2	1	2	1	3	2	1	4	5	5	4	2	1	3	1	2	1	5	4	5	4	3	4	5	4	5	4	4	3	2	5	4	1	4	3	1	2	5	4	5	4	5	3	4	5	4	5	3	1	2	1	2	2	1	4	5	4	5	5	4	3	5
21735	5	3	4	1	2	1	4	5	2	2	5	4	3	4	5	2	2	1	2	2	3	5	4	4	5	4	5	4	3	5	4	5	3	3	5	2	3	5	4	1	4	5	4	2	4	2	5	5	4	3	1	2	1	1	3	1	2	5	4	5	4	5	5	3	2	5	3	4	4	2	4	4	1	3	3	4	2	5	3	2	1	3	2	1	4	5	2	5	4	5	2	5	3	5	3	5	4	5	3	2	4	1	4	1	3	4	5	3	2	3	2	2	5	2	5	3	4	1	4	1	4	1	3	5	4	5	2	1	5	3
21747	4	4	4	2	2	2	5	4	4	2	4	4	4	4	4	5	3	4	3	5	4	4	3	4	4	4	4	3	3	4	3	4	4	3	4	1	3	4	3	2	4	4	3	5	4	4	5	4	4	4	2	2	2	2	1	2	1	5	5	5	5	4	4	4	4	4	4	3	2	2	3	4	4	4	4	4	4	4	4	2	4	2	2	2	3	4	2	4	3	2	4	3	4	3	4	4	4	3	4	4	2	4	4	2	3	5	4	4	4	4	3	4	4	4	4	2	3	4	3	4	2	3	4	4	4	4	4	4	3	3
21990	5	2	1	2	1	1	4	5	5	5	1	1	5	5	5	5	1	5	1	5	5	5	5	5	5	5	4	5	5	5	4	5	5	5	5	1	5	5	1	1	5	5	5	5	5	5	5	5	5	5	1	5	1	1	1	1	1	1	5	5	5	5	5	5	5	5	1	1	1	5	1	5	5	5	5	1	1	5	5	1	1	1	1	1	5	5	5	5	5	5	5	5	5	5	5	5	5	5	5	5	1	5	5	1	1	5	5	5	5	5	2	5	5	5	5	1	1	1	1	1	1	1	5	5	5	5	5	5	5	5
22036	5	1	1	1	4	5	5	5	5	5	3	1	5	4	5	5	5	3	3	5	5	2	5	5	5	5	5	5	5	5	5	5	5	5	5	4	4	5	5	5	3	3	4	5	3	1	3	5	5	5	5	5	2	2	5	2	2	2	5	5	5	5	5	5	5	5	2	4	1	5	3	5	5	5	5	5	3	5	2	3	5	4	3	3	4	4	4	5	5	5	5	5	5	5	3	5	4	4	5	5	4	4	4	4	4	5	4	4	4	3	2	4	4	4	5	5	4	2	2	5	3	2	5	5	5	5	5	5	5	5
22095	2	2	1	5	5	4	4	5	5	4	1	2	2	2	4	5	5	4	4	5	3	3	3	3	3	3	3	3	3	2	3	4	5	5	4	4	4	1	4	5	4	3	2	4	3	3	3	1	2	3	5	5	5	5	3	3	3	4	2	3	5	5	4	4	4	3	3	4	4	4	5	5	4	3	4	4	5	4	5	4	4	5	5	5	4	1	3	5	3	2	3	3	4	3	4	4	5	4	3	5	5	3	3	4	4	1	2	1	3	2	4	3	4	3	2	3	3	2	3	3	3	3	4	2	3	5	4	4	5	5
22120	4	4	3	2	3	2	3	3	3	3	3	3	3	3	3	3	3	3	3	3	3	3	3	3	3	3	3	3	3	3	4	3	3	3	3	3	3	4	3	3	3	4	3	3	3	3	3	3	3	3	3	3	3	3	3	3	3	3	3	3	3	3	3	3	3	4	4	3	3	3	3	3	3	3	3	3	3	3	3	3	3	3	3	3	3	3	3	3	2	3	3	4	4	3	4	4	4	3	4	4	2	4	4	3	2	4	4	3	3	4	3	3	3	3	3	2	3	3	3	3	3	3	3	3	3	3	3	4	4	3
22193	5	5	4	2	1	2	1	2	1	1	5	5	4	4	1	1	2	2	2	1	5	5	4	4	5	5	5	4	5	4	5	4	5	5	5	2	5	4	1	1	4	5	5	5	4	1	5	4	4	4	2	1	1	2	1	1	2	4	5	4	5	4	5	5	4	5	4	5	1	2	2	1	1	1	1	4	4	5	5	1	1	1	2	1	1	4	5	4	4	4	5	4	4	4	5	5	4	5	5	4	2	5	4	1	2	4	4	4	5	4	2	4	4	4	4	1	1	2	2	2	2	2	4	4	3	4	4	4	4	4
22649	3	1	1	4	3	2	1	3	2	4	3	5	4	3	4	2	4	2	5	5	3	5	3	3	4	4	2	4	4	3	3	4	5	2	2	4	4	3	4	3	1	3	2	3	4	3	1	1	4	3	2	4	2	3	1	1	3	3	1	4	2	1	2	4	3	2	3	2	1	4	2	3	2	4	5	2	3	3	1	5	3	4	2	2	4	2	4	4	2	3	2	3	2	1	3	1	2	3	2	1	3	2	4	3	3	2	1	2	2	1	4	2	4	5	3	1	4	3	2	4	2	3	2	2	1	3	2	5	4	1
22856	3	2	5	3	2	4	2	3	5	2	4	5	2	4	4	3	2	3	2	4	5	4	4	2	4	4	4	3	4	3	3	3	4	3	4	2	2	2	4	3	5	3	2	4	3	2	4	4	2	2	4	2	2	3	2	2	1	4	3	5	3	3	5	3	4	4	3	4	2	3	4	4	2	2	5	4	3	5	4	4	3	3	3	3	3	4	3	3	3	3	3	3	3	4	4	4	3	3	2	4	4	4	4	3	3	4	4	3	4	3	3	4	4	3	4	3	2	3	3	2	3	5	5	4	5	5	5	3	5	5
23159	2	2	3	3	5	2	2	2	3	4	4	3	4	3	3	3	4	3	3	3	3	3	2	3	3	3	3	3	3	3	3	3	3	3	3	2	4	4	3	4	2	2	4	4	3	4	4	4	-99	4	2	4	2	4	2	4	3	3	3	3	4	4	4	4	4	3	4	4	5	3	3	2	3	3	3	3	4	4	3	4	4	4	3	3	4	4	4	4	4	3	4	4	4	4	4	4	2	3	4	3	3	4	5	3	4	4	4	4	4	4	4	4	3	3	4	2	3	2	4	2	2	2	2	2	3	2	4	4	4	4
23171	4	5	5	2	3	1	2	2	1	3	5	4	4	3	2	4	1	2	3	1	4	3	4	5	3	3	4	4	2	3	3	2	2	3	4	3	3	2	4	3	2	2	2	2	2	3	2	2	2	3	4	2	3	4	4	4	4	2	2	2	2	2	2	3	3	5	2	3	4	4	4	4	4	4	2	4	2	3	2	4	1	4	4	4	4	2	3	3	2	2	4	5	2	2	2	3	2	2	2	3	4	2	3	4	4	2	3	2	2	2	4	5	5	3	3	4	4	1	1	3	2	1	4	4	4	5	1	5	3	4
23359	4	4	4	4	3	2	1	1	2	1	5	5	3	2	1	4	1	1	5	4	4	5	1	5	4	1	3	5	1	5	5	1	4	4	3	3	5	5	4	3	5	3	4	5	1	1	4	1	5	4	2	1	2	5	2	2	2	5	4	4	3	4	3	5	5	4	5	3	1	2	2	3	5	3	3	1	2	4	3	2	2	3	1	1	2	5	4	3	1	4	4	2	4	5	5	3	4	4	4	3	1	5	5	3	2	4	5	3	3	4	4	3	5	4	4	1	1	4	1	2	1	2	5	4	4	3	5	3	4	5
23362	4	3	4	3	3	3	3	3	3	3	3	3	3	3	3	3	4	3	3	3	4	4	3	3	3	3	4	4	4	3	4	3	3	3	4	3	3	3	3	2	3	3	3	3	4	2	3	3	3	3	3	3	3	3	2	2	2	3	4	3	3	3	3	3	3	5	3	3	2	2	3	3	2	3	2	3	3	3	2	3	3	3	4	3	3	5	3	3	3	3	4	4	4	4	3	4	3	4	2	2	3	3	3	3	2	3	3	4	3	3	3	3	3	3	3	3	2	2	3	2	3	2	3	3	3	3	3	4	4	3
23429	4	3	4	2	3	2	2	2	3	3	4	4	4	4	3	2	2	2	3	3	4	4	4	3	2	4	3	4	3	4	4	4	4	4	3	2	4	4	2	2	3	4	4	4	3	2	3	4	3	4	2	2	3	2	2	2	2	3	3	4	3	2	3	4	4	4	2	3	2	3	2	2	3	2	3	4	4	2	3	2	2	2	2	4	3	3	4	3	4	4	4	4	3	4	4	3	4	4	2	4	3	4	3	2	2	3	4	3	2	3	2	4	4	2	3	2	2	2	3	2	3	4	3	4	4	3	4	4	4	3
23804	5	5	2	2	4	4	3	3	3	3	3	3	3	4	3	3	3	2	2	4	3	3	3	3	3	3	3	3	3	2	3	3	3	3	3	3	3	3	4	3	2	2	3	3	4	1	2	4	3	2	3	3	5	5	3	4	3	4	4	2	3	3	3	3	3	3	3	3	3	3	3	4	5	3	3	3	3	4	4	3	5	2	2	2	2	4	3	3	3	3	3	3	5	4	5	4	3	4	5	3	4	4	4	4	5	3	5	2	3	3	4	5	5	3	5	2	5	5	4	3	3	3	3	3	3	3	2	4	3	2
24448	4	3	3	5	2	2	3	4	3	4	3	3	4	5	3	3	3	4	2	3	4	3	4	4	5	3	2	3	4	4	3	4	5	5	3	3	3	2	3	4	3	4	3	3	3	-99	3	5	5	3	3	3	2	2	2	3	3	4	3	5	4	3	5	3	3	4	3	4	2	2	5	3	2	3	2	2	4	3	3	4	2	4	2	2	3	3	4	4	5	5	4	4	4	4	5	4	5	3	4	3	2	3	4	2	2	3	5	2	4	5	2	4	4	4	5	2	2	1	2	3	3	1	4	4	5	4	4	3	4	4
24789	3	3	4	1	4	1	1	3	2	1	3	3	5	5	2	2	3	4	2	2	5	5	4	5	3	4	4	5	4	3	4	3	4	4	5	2	5	3	1	1	3	3	3	4	4	1	5	4	5	4	2	3	2	2	1	2	1	4	4	4	5	5	5	4	5	4	4	3	3	1	3	3	4	2	2	3	5	4	5	1	3	2	2	3	2	4	4	5	5	5	5	4	4	5	3	5	4	5	4	5	2	4	5	2	3	3	4	3	3	4	1	5	5	1	4	3	3	4	2	2	2	3	5	4	3	5	3	4	4	2
24859	4	2	4	2	2	1	3	5	2	3	4	4	3	5	5	5	1	2	2	5	4	4	4	4	3	4	5	5	5	4	5	4	4	4	4	2	5	5	2	2	5	5	4	4	5	1	4	5	4	4	3	5	3	3	2	3	2	4	4	5	5	4	4	4	4	4	4	3	2	2	1	3	5	4	3	4	4	4	5	5	5	2	2	2	5	4	4	4	5	5	5	5	4	5	5	5	5	4	5	5	2	5	5	2	2	4	5	3	4	5	5	4	4	4	4	2	5	2	3	2	2	2	5	5	5	5	4	4	4	3
24861	4	3	4	2	3	4	3	4	5	2	2	4	4	2	4	4	5	4	3	4	4	4	4	4	4	2	3	4	4	3	3	3	3	4	4	4	3	4	2	2	4	4	4	3	4	3	4	2	4	4	4	2	2	4	1	4	4	-99	4	4	5	4	4	3	4	4	3	4	2	3	4	4	5	4	3	5	4	4	5	5	3	5	4	2	4	2	2	4	2	4	4	4	5	5	5	4	4	4	5	3	3	4	5	2	3	2	4	3	4	4	3	4	5	3	4	4	5	3	4	2	2	4	4	4	4	4	2	3	4	4
25110	3	3	3	3	3	3	3	3	3	3	3	3	3	3	3	3	3	3	3	3	3	3	3	3	3	3	3	3	3	3	3	3	3	3	3	3	3	3	3	3	3	3	3	3	3	3	3	3	3	3	3	3	3	3	3	3	3	3	3	3	3	3	3	3	3	3	3	3	3	3	3	3	3	3	3	3	3	3	3	3	3	3	3	3	3	3	3	3	3	3	3	3	3	3	3	3	3	3	3	3	3	3	3	3	3	3	3	3	3	3	3	3	3	3	3	3	3	3	3	3	3	3	3	3	3	3	3	3	3	3
25276	4	4	3	3	3	3	5	5	5	5	5	5	2	5	4	5	5	1	5	5	5	3	5	3	4	5	5	5	5	3	5	5	5	5	5	5	5	5	5	5	4	1	1	1	1	5	2	5	5	5	3	5	4	5	5	5	3	5	4	5	5	5	4	5	5	5	1	1	5	5	5	5	5	5	5	1	1	1	3	3	1	5	5	5	5	5	4	4	5	5	5	5	5	5	3	5	5	5	5	5	5	5	5	5	5	5	1	1	1	1	5	1	4	3	5	3	5	5	5	5	5	3	5	3	5	5	5	5	5	5
25441	4	3	4	3	1	2	1	3	2	2	3	5	3	5	2	2	1	1	2	2	5	4	4	5	5	3	5	4	4	3	4	4	4	3	4	1	4	5	2	1	4	5	4	5	4	2	3	4	5	5	2	1	2	2	2	2	1	5	4	5	4	4	4	5	3	4	2	4	1	1	2	2	2	2	1	4	4	4	5	2	3	3	1	2	4	4	3	4	5	4	3	4	4	4	4	4	4	5	4	3	1	4	4	2	3	3	4	4	4	5	2	5	4	4	4	1	1	2	1	3	1	2	4	4	4	4	5	5	4	5
25519	5	3	3	5	3	1	1	3	1	5	1	3	2	3	2	1	1	5	5	5	4	2	2	1	3	2	4	2	1	2	4	3	3	5	2	5	2	5	3	4	5	2	5	2	5	2	2	3	3	3	1	3	1	1	2	1	3	1	3	2	5	4	3	5	1	5	1	1	5	3	5	1	4	2	1	3	1	3	4	1	4	4	1	1	3	5	2	4	2	1	3	3	5	2	4	1	3	4	5	4	5	5	3	5	4	3	2	4	2	1	5	4	5	5	2	4	5	2	3	1	3	1	5	3	3	2	1	3	5	3
26090	3	1	2	2	5	2	5	5	5	5	5	5	5	5	5	5	5	5	5	5	5	5	5	5	2	4	5	5	5	4	5	5	5	5	5	3	5	5	4	4	4	4	4	4	4	4	4	5	3	5	4	5	5	5	5	5	5	5	5	5	5	5	5	5	5	2	2	4	2	3	4	4	4	4	4	4	5	5	4	5	4	4	4	4	5	4	3	4	4	2	4	4	5	5	3	5	4	5	5	4	4	4	4	4	4	2	4	4	5	4	4	4	4	3	4	4	4	4	4	4	4	3	4	3	3	4	4	4	4	4
26114	4	2	3	2	2	2	5	5	5	5	5	5	5	4	5	5	5	4	5	3	5	4	5	5	5	5	5	5	5	4	5	5	5	5	5	3	4	5	2	4	1	5	5	5	5	5	4	5	4	5	4	5	2	5	5	5	2	5	4	5	5	5	5	5	4	2	2	3	4	4	2	4	5	5	5	3	2	4	4	4	4	5	4	2	2	2	5	5	5	5	5	4	4	4	5	5	4	4	4	5	3	4	5	5	5	5	4	4	4	5	5	4	4	4	5	4	2	4	4	4	3	2	4	4	5	4	4	4	4	3
26386	3	3	2	2	3	1	4	3	2	2	5	4	5	4	5	4	2	4	3	3	4	3	1	3	3	3	2	4	3	2	4	2	4	4	3	3	2	4	2	3	3	3	4	2	4	3	3	3	2	4	2	1	2	3	2	4	3	4	5	4	2	4	3	3	3	2	4	4	3	3	1	3	2	2	3	3	4	5	4	2	2	4	3	3	4	2	2	3	3	3	4	4	3	2	3	4	2	4	2	4	3	3	3	2	1	3	4	4	4	3	4	1	4	4	3	2	3	3	4	3	4	2	4	3	3	1	4	4	3	4
26831	2	3	4	4	5	4	5	5	5	4	3	4	5	3	4	4	5	4	4	5	3	4	5	5	4	5	5	5	5	4	5	5	4	5	5	2	5	5	4	4	5	4	3	3	3	4	3	4	4	4	4	5	5	5	5	5	4	4	4	4	5	5	5	5	5	4	3	4	2	2	2	4	3	3	2	4	3	4	3	3	4	2	3	3	2	4	4	5	3	4	4	3	3	3	2	4	3	3	2	2	2	2	2	2	2	2	3	5	4	5	2	5	3	4	4	4	3	4	4	3	4	3	4	4	5	3	3	2	2	2
27371	3	1	2	3	5	2	3	4	5	5	3	3	3	2	2	3	4	3	2	4	5	4	4	5	4	5	4	4	5	4	4	4	3	2	5	3	3	5	4	2	4	4	5	4	5	5	4	4	5	5	5	5	5	5	5	5	3	5	3	3	4	5	4	4	4	2	1	1	2	5	1	1	1	2	1	3	3	4	1	4	4	2	4	2	3	5	2	4	5	4	5	5	3	5	5	5	5	5	4	3	5	4	5	2	1	5	5	5	5	5	5	5	5	5	5	5	5	5	5	5	5	5	5	5	5	5	5	3	5	5
27745	3	3	3	3	3	3	3	3	4	4	2	2	2	2	3	3	4	4	4	4	2	2	2	2	2	2	4	2	2	2	2	2	2	2	2	4	2	2	4	4	2	2	2	2	2	4	3	2	2	2	4	4	4	4	4	4	4	2	2	2	2	2	2	3	2	2	2	2	4	4	4	4	4	4	4	2	2	2	2	4	4	4	4	2	4	2	2	2	2	3	2	2	2	3	2	2	2	2	2	2	4	2	2	4	4	2	2	2	2	2	4	2	2	2	2	4	4	4	4	4	4	4	2	2	2	2	2	2	2	2
28065	2	2	2	2	3	2	4	5	4	3	2	4	3	1	5	4	2	4	4	5	4	5	5	4	4	5	4	4	5	4	5	4	4	5	3	2	5	4	1	1	4	5	3	4	5	2	5	5	3	5	4	3	1	3	2	2	1	4	3	3	4	4	4	4	3	4	2	2	1	2	1	4	5	4	4	3	2	3	2	2	3	1	1	3	3	5	4	5	4	4	4	3	4	5	4	5	4	3	4	5	2	3	4	4	3	2	2	4	3	4	3	3	5	3	3	1	5	3	2	2	3	2	2	5	4	4	3	3	4	4
28920	2	2	4	4	4	5	5	5	5	5	4	4	5	4	5	5	5	5	5	5	5	4	5	5	4	4	5	5	5	5	5	5	4	5	5	5	4	5	5	5	4	5	4	4	5	5	4	4	4	5	5	5	4	4	5	4	4	3	4	4	5	5	5	5	5	2	2	4	3	3	5	5	5	5	5	3	4	5	4	5	5	3	4	4	5	5	4	5	4	4	4	5	5	5	5	5	5	5	5	5	4	4	5	5	4	5	5	5	5	5	5	4	4	4	5	5	5	4	5	5	5	5	5	4	5	5	5	5	5	5
29297	2	2	1	4	4	2	4	4	2	4	4	3	5	5	4	4	4	4	4	4	2	5	4	4	4	5	5	4	4	5	4	4	4	4	5	2	5	4	2	2	4	5	4	5	4	5	4	4	4	5	5	5	5	5	5	1	1	5	5	4	5	5	5	5	5	2	1	2	5	5	4	5	4	4	4	1	1	1	1	5	4	4	4	4	2	5	5	5	5	5	4	4	3	5	5	4	5	5	4	4	2	5	4	2	1	4	4	4	5	4	2	4	3	4	4	2	1	1	1	2	2	2	4	4	4	5	4	4	3	3
29910	4	3	5	3	3	3	2	2	4	3	3	2	3	4	2	1	2	2	2	4	3	4	4	5	5	4	4	4	4	3	2	4	5	4	4	2	5	4	3	2	4	4	3	4	2	1	5	5	4	3	2	2	1	1	2	2	2	4	4	4	4	2	4	5	5	5	4	1	4	1	3	2	1	4	2	4	5	4	3	3	2	2	1	1	4	5	1	1	2	3	2	5	2	5	5	4	4	4	5	4	1	5	4	2	2	5	5	4	5	5	2	4	4	3	4	1	2	1	3	3	5	1	3	2	3	2	3	3	2	5
30740	1	2	3	3	2	4	3	3	3	3	4	3	3	4	3	4	5	4	4	3	1	2	2	2	3	3	3	3	3	3	2	4	3	3	3	2	4	4	2	2	4	4	4	4	3	3	3	2	3	3	2	3	2	3	3	2	2	1	1	3	4	4	1	1	1	4	3	3	5	3	3	3	2	2	2	4	4	4	3	2	4	3	2	2	2	2	3	4	4	4	3	3	3	2	3	2	2	4	3	2	3	3	2	3	2	3	4	3	4	3	2	4	2	3	3	3	5	3	4	2	3	4	2	3	3	3	3	2	2	2
30876	4	5	4	2	2	2	1	2	2	1	4	4	4	5	2	1	3	2	2	3	4	5	5	5	5	5	4	4	5	4	4	4	4	5	5	1	5	3	2	2	4	5	5	5	4	2	4	5	5	5	1	1	2	1	1	1	1	5	5	4	4	5	5	5	5	4	4	4	2	2	1	2	4	2	2	4	4	4	5	1	2	2	2	2	2	5	5	5	5	5	4	5	4	5	5	5	5	5	5	5	1	5	5	1	1	5	4	5	5	5	1	5	5	4	5	1	1	1	2	1	1	1	5	5	4	5	5	5	5	5
31452	4	2	5	4	2	4	2	3	2	4	4	3	5	2	1	3	2	1	4	2	4	2	5	3	5	2	3	4	2	5	1	5	3	4	1	4	4	2	1	4	2	4	4	2	5	2	1	4	3	5	5	2	3	2	5	4	5	5	4	3	4	2	5	2	4	4	5	3	1	4	1	3	1	4	2	5	3	4	5	5	2	4	1	4	3	5	3	4	5	2	5	3	5	5	2	1	2	2	4	2	2	4	5	2	4	3	5	2	3	2	4	3	1	4	2	3	3	2	2	2	5	1	2	1	4	2	4	2	4	5
31593	4	3	3	2	3	2	3	4	4	3	2	3	3	3	4	3	2	3	3	4	3	4	4	3	3	4	3	4	3	3	3	3	3	3	4	2	3	4	2	3	4	4	3	3	3	2	3	3	3	3	2	2	3	3	3	2	3	3	4	4	4	4	4	3	3	4	4	3	2	3	3	4	4	4	4	2	3	3	3	3	3	2	2	3	2	4	3	4	3	4	3	4	4	4	3	4	4	4	3	4	2	3	4	2	3	4	4	4	4	2	3	4	4	3	4	2	2	2	3	4	3	2	4	3	4	5	4	5	4	4
32286	5	5	5	5	5	5	5	5	4	1	4	4	5	2	2	5	2	4	4	5	4	5	4	4	3	4	5	5	5	4	5	4	4	4	4	1	4	4	5	5	1	1	1	1	1	1	1	1	1	1	1	4	4	2	3	2	2	1	4	2	4	4	4	4	4	4	5	5	5	5	5	5	5	4	1	4	4	4	2	2	5	2	4	4	5	4	5	4	4	4	5	4	5	4	4	5	4	4	4	4	1	4	4	5	4	1	1	1	1	1	1	1	1	2	1	1	4	2	2	3	2	2	1	4	2	4	4	4	4	4
32515	4	5	3	2	2	3	2	1	2	3	5	5	4	3	3	2	3	2	2	1	3	2	4	4	5	4	5	4	3	3	4	5	3	4	3	1	4	3	3	1	4	4	4	4	4	1	5	3	2	3	1	1	2	3	2	3	2	4	3	4	5	4	5	5	5	4	5	5	4	3	3	3	4	4	1	3	2	3	3	2	2	1	2	1	4	4	5	4	4	4	5	3	4	2	4	4	3	1	5	5	2	3	4	3	2	5	1	4	2	3	1	3	3	3	2	2	1	1	2	3	2	2	3	4	2	4	5	3	5	5
32948	3	2	2	1	3	2	2	5	5	4	4	4	5	4	4	4	2	4	3	4	5	5	5	4	3	4	5	5	4	3	5	4	3	2	5	2	4	4	4	4	5	4	2	4	3	4	5	5	4	2	1	4	2	3	2	4	2	5	4	5	4	5	4	5	5	2	3	3	4	4	2	2	4	4	3	5	4	4	3	4	2	2	3	4	4	4	5	3	4	4	2	1	5	3	4	5	4	4	4	3	4	2	4	1	1	4	3	2	3	4	3	4	4	3	2	2	4	4	3	2	1	2	3	5	4	5	3	2	4	4
33164	4	2	2	4	4	4	4	4	4	4	4	4	4	4	5	4	3	4	4	4	2	4	3	4	3	3	4	3	4	4	4	4	4	3	3	1	4	3	4	4	4	2	2	2	2	4	2	4	4	5	4	-99	4	5	5	4	4	4	4	5	5	5	5	4	5	3	3	3	3	3	3	3	3	3	3	3	3	3	3	3	3	3	3	3	4	3	3	3	3	3	3	3	4	3	3	4	3	3	3	3	3	3	3	3	3	2	3	3	3	3	3	3	4	3	4	3	3	4	5	5	5	5	4	4	4	4	4	4	4	4
34213	2	2	2	5	3	5	5	5	5	5	4	4	5	4	5	5	5	5	2	4	5	5	5	5	5	5	5	5	5	5	5	5	5	5	5	4	5	5	5	5	4	5	4	4	5	5	5	5	5	5	5	5	5	5	5	5	5	5	5	5	5	5	5	4	5	2	1	3	4	3	5	5	5	4	4	5	4	5	4	3	4	4	5	4	4	4	4	4	4	5	5	5	5	5	4	5	1	4	5	5	4	4	4	4	5	4	4	1	4	4	4	4	5	4	5	4	5	4	4	4	4	4	5	3	5	5	5	5	5	5
34285	3	2	3	4	5	5	5	5	5	5	4	5	4	3	4	5	4	4	5	4	5	4	4	5	4	5	4	5	5	4	5	5	4	4	5	4	5	5	5	4	4	5	4	4	3	5	4	5	4	5	5	5	5	5	5	5	4	5	4	5	5	5	5	5	4	3	2	2	3	5	5	3	5	5	4	3	4	3	3	5	4	4	4	3	3	5	4	4	5	4	4	5	4	5	4	5	5	4	5	5	4	4	5	4	3	3	5	5	5	5	5	5	5	5	5	5	5	5	5	5	5	5	5	5	5	5	5	5	5	4
34935	4	3	3	2	3	5	3	5	1	3	4	4	3	3	4	5	3	2	3	3	2	4	3	4	4	4	4	2	2	2	2	3	2	4	2	2	2	2	5	4	4	2	1	3	5	3	3	2	2	3	2	3	5	2	1	2	3	3	3	4	3	3	2	4	2	3	3	4	4	4	4	2	4	3	2	3	5	5	4	2	3	2	1	2	2	4	2	3	1	1	1	3	4	4	4	4	4	5	4	1	3	2	4	3	1	4	4	4	4	5	2	4	5	3	3	2	2	2	3	3	2	3	3	4	3	3	2	4	3	3
35456	2	3	1	2	4	5	4	5	4	2	3	3	2	2	3	2	4	3	3	4	2	3	2	2	2	2	4	5	3	3	3	1	3	2	4	3	2	4	2	5	5	3	2	3	4	2	2	3	3	2	4	4	3	4	4	4	1	3	2	5	5	4	5	3	3	2	4	3	5	5	5	4	3	3	1	3	2	1	3	3	2	5	4	4	4	2	3	2	2	1	3	3	2	2	3	2	4	2	3	3	3	4	4	2	3	3	4	4	4	4	1	4	1	3	1	3	3	4	2	3	2	2	5	2	4	5	3	5	3	3
36326	5	1	1	5	5	5	5	5	5	5	5	5	5	4	5	5	5	5	5	5	5	4	5	5	4	5	5	4	5	3	5	1	5	5	5	4	5	5	5	5	5	5	5	5	5	5	5	5	5	5	4	5	3	5	5	5	4	5	2	5	5	5	5	5	5	5	4	4	5	5	5	5	5	5	5	5	5	5	4	5	5	5	5	5	5	5	5	5	5	5	5	5	5	5	5	5	1	5	5	5	4	5	5	5	5	4	5	5	5	5	5	5	5	5	5	5	5	5	5	5	4	5	5	5	5	5	5	5	5	5
36339	5	5	4	2	3	3	2	2	2	2	4	4	3	3	3	3	3	3	3	3	3	3	4	4	4	4	4	4	4	4	4	4	4	3	4	2	4	4	2	3	4	4	4	2	5	1	2	3	4	3	1	2	5	2	2	2	2	2	4	4	2	3	2	3	3	4	4	2	2	3	2	1	1	1	1	5	3	3	3	3	1	3	2	2	3	2	1	2	4	5	3	2	4	4	3	5	4	4	4	3	1	5	5	1	1	2	5	3	4	5	1	5	5	5	5	1	3	2	1	3	2	2	2	1	3	3	3	3	2	4
36351	4	4	4	4	4	4	4	4	4	4	5	5	4	3	4	4	4	4	4	2	5	4	4	5	5	5	5	5	5	4	5	5	4	3	5	4	5	5	5	5	5	5	5	5	5	5	5	5	5	5	4	4	4	4	5	4	4	5	5	5	5	5	5	5	5	4	4	4	5	5	5	5	5	5	4	4	4	4	3	4	4	4	4	4	2	5	5	5	5	5	5	5	5	5	4	5	5	5	3	5	3	5	5	5	4	4	5	5	5	4	5	5	5	5	5	4	4	5	5	5	5	5	5	5	5	5	5	5	5	5
36396	4	4	3	5	5	5	5	5	5	5	4	5	5	2	4	4	5	5	5	5	5	5	5	4	5	5	5	4	5	5	5	5	5	4	5	1	5	5	4	4	5	5	5	4	4	4	5	5	4	5	4	5	4	5	5	5	4	5	4	5	5	5	5	5	4	5	3	4	1	3	4	5	5	5	5	4	5	5	4	5	2	4	4	2	4	5	5	4	5	3	4	5	4	5	5	5	5	5	5	5	3	5	5	5	4	5	5	5	5	5	4	4	4	4	5	5	5	2	5	5	5	5	5	4	5	5	5	5	5	5
37074	4	4	3	2	2	2	3	1	2	3	4	5	3	4	3	1	3	3	3	3	4	5	2	4	4	4	4	3	3	2	3	3	5	2	4	2	3	3	2	3	4	4	3	3	3	3	3	3	3	4	4	1	2	2	1	2	3	5	3	3	2	4	4	5	5	3	4	4	3	1	2	3	2	2	2	3	4	4	3	3	2	3	1	2	3	4	4	3	4	4	3	3	4	4	4	5	4	4	3	3	2	3	2	1	3	4	4	4	5	4	2	4	4	3	2	2	2	1	2	2	1	2	4	4	3	5	5	4	3	5
37264	4	4	3	4	2	2	2	2	2	4	2	4	4	2	4	4	2	4	3	4	2	3	2	4	2	3	2	2	4	4	4	4	4	4	4	3	4	4	2	3	4	4	4	2	4	2	3	4	3	4	2	4	3	2	3	2	3	4	4	4	3	4	3	3	4	4	3	3	2	2	2	2	4	2	4	2	3	3	2	4	4	2	4	2	4	4	3	3	2	3	2	3	4	2	3	2	2	4	2	4	4	2	4	4	4	3	2	2	2	2	4	3	4	4	4	3	2	2	2	2	2	3	3	3	4	3	3	4	4	3
38418	5	5	5	2	1	1	2	4	3	3	3	4	4	3	2	2	3	2	2	3	3	4	4	4	4	4	3	3	4	4	3	4	4	4	4	2	4	4	2	4	5	3	2	3	4	3	4	5	4	5	1	2	4	3	2	2	3	3	4	4	4	4	5	4	5	5	4	3	3	2	2	2	4	2	2	4	4	4	4	2	2	2	2	2	2	4	4	3	4	3	3	4	4	4	4	4	4	3	4	4	2	3	3	1	3	3	3	3	4	3	2	4	4	4	4	1	1	1	3	1	1	1	5	5	5	5	5	5	5	5
38471	5	3	2	5	3	1	3	5	2	4	1	4	4	4	5	2	1	5	5	5	4	3	3	2	4	2	2	5	4	4	2	3	2	3	1	1	5	5	1	1	5	4	4	4	3	4	4	5	5	4	1	1	3	1	1	1	1	4	4	5	4	4	5	5	5	3	4	5	3	3	2	3	4	2	3	2	2	3	1	4	1	4	1	2	2	5	3	4	5	5	5	5	4	5	4	1	4	5	2	3	1	5	1	3	2	4	3	2	3	3	1	4	3	2	3	2	1	1	4	1	1	3	4	5	1	4	5	3	3	3
38564	3	3	4	3	2	2	2	2	2	2	2	3	4	2	2	2	2	2	2	3	2	1	3	4	5	2	4	3	2	2	2	4	4	3	2	2	5	4	3	2	4	4	3	3	3	2	3	4	3	4	3	3	1	2	2	3	2	2	3	2	4	3	3	4	4	3	4	3	5	3	4	2	2	3	3	4	3	3	3	3	2	3	4	4	5	2	2	3	3	3	4	1	2	2	4	4	2	2	3	4	2	4	3	3	5	2	3	1	2	3	1	4	3	2	5	1	1	2	4	4	4	3	2	3	4	4	3	3	4	2
38660	4	5	4	1	3	2	4	2	1	2	1	4	2	4	3	1	2	4	3	4	4	2	5	4	3	5	4	4	4	3	2	4	5	3	4	2	5	5	2	1	2	5	1	3	4	3	5	3	2	4	3	-99	1	2	3	1	2	4	4	-99	4	2	4	5	4	3	4	4	3	2	1	2	3	5	2	5	5	4	4	4	2	2	1	1	1	3	2	3	4	4	3	2	5	3	3	5	5	4	4	5	2	3	4	2	3	4	4	1	5	3	3	4	4	4	2	5	2	5	2	2	2	4	5	4	4	2	4	4	4	3
38906	1	1	1	1	5	5	5	5	5	5	5	5	5	5	5	5	5	5	5	5	5	5	5	5	5	5	5	5	5	5	5	5	5	5	5	5	5	5	5	5	5	5	5	5	5	5	5	5	5	5	5	5	5	5	5	5	5	5	5	5	5	5	5	5	5	2	2	2	2	3	4	5	5	5	5	3	3	4	3	5	4	4	3	2	4	5	4	4	4	4	4	4	4	4	5	5	4	4	4	4	4	4	4	4	4	5	4	4	4	3	4	4	5	4	4	4	4	4	4	5	4	4	4	3	5	5	4	4	4	5
38927	3	4	1	2	5	1	5	1	4	2	1	4	1	2	3	4	4	2	4	1	1	5	2	1	4	1	3	4	3	3	1	2	3	3	2	2	2	4	4	5	3	1	4	2	4	3	4	4	4	2	5	2	4	3	3	1	4	4	3	5	2	4	3	3	1	2	5	3	2	4	3	4	2	3	4	4	2	5	3	3	3	1	3	1	1	1	2	2	4	1	2	3	1	4	1	2	2	1	3	3	2	2	3	4	2	2	3	1	2	2	4	3	5	5	4	5	3	2	5	2	4	2	1	4	2	1	5	4	4	4
38985	5	5	5	3	3	5	1	1	2	2	5	4	5	2	2	1	1	2	1	5	5	5	2	3	4	4	4	5	1	4	4	3	3	5	5	1	5	4	2	1	3	2	3	4	-99	1	5	5	-99	1	3	1	3	5	2	-99	2	5	-99	3	5	5	5	5	5	5	5	4	3	2	2	1	5	5	5	5	2	5	4	1	2	1	3	1	1	3	3	2	2	3	4	5	3	4	5	4	5	5	5	4	1	4	4	3	2	5	3	5	2	5	2	3	4	4	5	3	2	2	1	2	1	2	4	5	4	4	5	4	4	4
39052	4	5	4	1	2	1	2	1	2	1	4	5	4	5	2	1	2	1	2	1	4	5	4	5	4	5	4	5	4	5	4	5	4	5	4	1	4	5	2	1	4	5	4	5	4	1	4	5	4	5	2	1	2	1	2	1	2	5	4	5	4	5	4	5	4	4	5	4	1	2	1	2	1	2	1	4	5	4	5	2	1	2	1	2	1	4	5	4	5	4	5	4	5	4	5	4	5	4	5	4	1	4	5	2	1	4	5	4	5	4	1	4	5	4	5	2	1	1	2	2	1	2	4	5	4	5	4	5	4	5
39130	4	4	4	3	3	5	5	5	5	5	4	5	5	3	4	5	4	4	5	5	3	4	4	4	2	2	4	3	4	4	5	5	4	5	4	4	4	4	5	4	5	5	5	5	3	4	5	5	3	5	5	5	4	4	4	3	2	3	4	3	4	5	5	5	5	1	5	5	5	4	5	5	5	5	5	5	5	5	1	5	5	5	5	4	4	5	5	5	5	5	5	5	5	5	5	5	5	5	5	5	5	5	5	4	3	5	5	5	5	4	5	5	4	4	5	5	5	5	5	5	5	2	4	5	5	5	5	5	5	5
39182	4	3	4	2	2	2	4	5	2	3	4	4	4	4	3	2	3	2	2	2	3	4	3	3	4	4	4	5	4	4	2	3	3	4	5	4	4	3	2	4	2	4	5	2	3	2	4	3	3	3	1	2	1	3	4	2	4	4	3	4	4	5	2	3	3	1	2	3	2	1	4	2	2	1	4	2	4	5	3	3	3	2	3	3	3	2	2	2	2	2	2	2	2	3	3	3	3	4	3	2	3	2	2	3	2	2	1	1	2	3	1	3	2	2	3	4	4	2	1	4	3	1	3	4	4	4	2	2	4	4
39307	4	4	5	3	1	2	2	2	1	2	3	5	3	4	1	2	1	1	2	3	3	4	4	4	5	4	5	4	4	4	4	4	3	2	4	4	4	4	2	2	5	4	3	4	3	3	2	4	5	4	2	3	4	2	3	4	2	4	5	4	5	5	4	5	4	4	5	4	3	2	2	3	2	2	1	4	3	5	3	2	2	3	3	3	4	3	4	2	4	4	4	3	3	5	3	5	4	4	5	5	2	5	4	3	1	4	5	4	4	4	3	3	5	2	5	3	2	1	2	4	1	2	4	4	4	3	2	2	2	4
39389	2	5	4	2	2	2	5	5	5	5	5	5	5	5	5	5	4	5	5	2	2	1	4	2	5	5	4	5	5	5	5	5	5	5	5	2	5	5	5	5	4	5	4	4	4	2	4	5	4	5	5	4	4	4	2	2	2	5	4	5	5	5	5	5	5	1	5	1	5	4	4	5	5	5	5	4	4	1	2	2	2	2	4	4	1	5	5	5	5	5	5	5	5	5	5	2	5	5	5	5	1	5	5	2	2	5	5	5	5	5	4	5	5	5	5	5	5	5	5	5	1	1	5	5	5	5	4	5	2	5
39397	1	2	3	2	3	1	2	1	3	5	3	1	2	3	1	3	5	1	3	5	2	5	3	5	4	2	4	2	1	2	3	5	3	1	2	5	1	1	1	3	1	3	4	2	3	1	3	4	2	4	1	1	2	3	2	1	3	4	3	3	1	1	2	5	1	1	2	5	4	3	1	3	5	1	3	2	3	4	3	5	5	4	5	4	3	4	5	5	5	4	5	3	4	2	5	4	5	5	1	2	1	2	4	1	3	1	2	4	2	3	1	3	4	5	3	5	3	5	4	5	5	4	3	1	2	1	1	2	5	1
39425	4	3	4	4	2	1	2	4	4	5	3	3	3	3	2	4	3	2	2	2	2	1	1	1	1	3	2	2	3	1	4	2	3	3	3	3	2	1	5	5	2	3	3	4	2	3	2	3	3	3	5	4	3	3	3	4	5	1	2	2	3	3	3	2	2	4	4	4	2	2	5	5	5	4	3	2	2	1	1	2	2	2	2	3	3	3	3	3	4	3	1	1	2	1	4	4	4	2	5	2	2	1	3	3	2	2	4	2	3	3	3	2	3	3	3	3	2	2	5	5	5	5	3	2	2	3	4	4	5	4
39545	4	5	3	2	1	3	2	2	1	3	4	5	4	3	2	2	1	2	1	3	4	5	3	4	5	3	2	1	2	4	4	5	3	3	5	2	3	5	2	1	5	2	4	5	3	2	5	4	3	4	1	2	2	1	3	2	1	4	3	4	5	4	5	3	4	3	4	5	3	2	1	2	4	3	2	4	5	3	4	2	1	3	2	1	2	4	3	5	4	3	4	5	3	5	4	5	3	4	4	5	1	4	3	4	3	4	5	3	4	5	3	4	4	5	4	1	2	1	2	1	2	3	4	5	4	5	3	4	3	4
39579	4	4	4	3	4	4	5	5	3	5	4	3	4	4	5	5	4	4	3	4	4	3	4	5	4	4	4	5	4	3	5	5	5	5	5	3	5	5	5	4	5	5	5	4	5	4	5	5	5	5	4	2	4	4	4	4	4	4	5	5	5	5	5	5	5	4	4	2	4	4	4	4	5	3	4	4	4	4	4	4	4	4	5	2	4	5	4	4	5	4	4	5	5	5	5	5	5	5	5	5	4	5	5	5	5	5	5	5	4	4	5	5	5	5	5	5	5	4	4	5	5	5	5	4	4	5	5	5	5	5
39907	4	3	5	2	2	1	1	2	1	3	4	5	3	4	3	2	1	1	2	2	3	4	4	5	3	4	3	4	5	4	5	3	4	5	4	1	4	5	3	2	5	3	4	5	4	1	3	4	5	3	2	1	2	1	2	1	3	4	4	5	4	5	4	5	3	4	5	4	3	3	2	1	3	2	1	3	4	5	3	2	2	1	3	2	1	4	5	3	4	5	4	3	4	5	4	4	4	5	3	4	1	3	4	1	3	4	5	3	3	4	1	3	4	5	3	2	1	3	2	1	3	2	5	3	4	5	4	5	3	4
40230	1	1	3	2	3	2	2	2	4	2	3	3	4	2	3	2	2	3	2	3	4	4	5	4	5	5	5	5	5	5	4	4	4	2	4	3	3	5	1	2	3	4	4	4	4	5	5	4	5	5	5	5	5	5	5	5	5	5	5	5	5	4	5	5	4	2	3	4	2	2	2	3	3	2	2	4	4	4	4	4	2	3	3	2	1	4	2	4	5	4	4	4	5	5	5	4	4	3	3	3	3	3	3	2	2	5	5	4	5	5	1	5	5	5	5	5	5	5	5	5	5	5	5	5	5	5	5	4	4	4
40354	5	5	5	1	1	1	1	1	5	5	5	5	5	5	4	5	4	5	5	4	1	3	3	2	3	3	3	2	2	2	2	3	3	4	3	3	3	3	3	3	2	4	5	2	2	2	1	2	1	4	3	2	3	3	2	3	4	2	2	3	4	2	4	4	3	4	5	5	2	2	2	2	2	2	2	4	5	4	4	1	1	3	3	1	2	3	4	3	2	5	5	3	1	3	5	5	5	5	5	5	1	5	5	1	1	5	5	5	5	4	2	4	4	5	5	1	3	1	2	1	1	1	4	4	5	4	4	4	4	3
40667	3	3	4	2	2	2	2	2	2	3	4	2	3	2	4	2	3	2	2	2	3	2	3	2	4	2	2	4	4	3	3	3	4	3	4	4	4	3	3	3	3	3	3	3	3	2	4	3	3	3	2	3	3	3	2	2	3	3	3	4	4	4	2	3	3	3	3	3	4	2	3	2	3	2	3	4	3	3	3	3	4	2	2	3	3	4	2	4	4	2	4	3	3	3	2	3	3	4	2	2	4	4	3	2	2	4	2	2	4	3	2	4	4	3	2	3	4	3	3	3	2	4	3	4	3	3	4	4	3	2
40782	3	3	4	2	4	3	4	2	1	2	3	4	3	2	2	1	2	1	3	2	4	5	4	4	4	5	4	3	4	3	4	4	4	4	3	2	4	5	2	2	4	5	4	4	3	1	4	4	5	4	1	2	2	3	2	1	2	5	4	3	4	4	3	3	2	3	4	4	2	2	1	3	3	2	2	4	3	3	3	4	2	1	4	2	1	5	4	4	4	4	5	5	3	5	4	4	5	4	4	4	3	4	3	5	4	4	4	4	3	4	1	4	4	3	3	2	3	2	2	3	3	2	4	4	3	3	4	3	4	3
40926	4	4	3	3	2	2	2	2	3	2	4	4	4	4	2	2	2	2	2	2	4	4	3	4	4	4	4	4	4	4	4	5	3	4	4	2	4	4	2	2	4	4	4	4	4	2	4	4	4	4	2	2	2	2	2	2	2	4	4	4	4	4	4	4	3	4	4	5	2	3	1	3	2	2	2	4	4	4	4	2	2	2	2	2	2	4	4	4	4	4	4	4	4	4	4	4	4	4	4	5	2	4	5	2	2	4	4	4	3	5	1	4	4	4	4	2	2	2	2	2	1	2	4	4	4	4	4	5	4	4
41179	4	3	3	4	2	4	3	1	3	2	2	4	2	4	2	1	2	5	3	2	3	1	4	3	4	2	4	2	5	3	4	4	3	5	4	3	2	5	1	3	2	5	2	4	3	4	-99	1	4	4	2	2	3	4	2	4	1	3	4	1	4	3	2	5	2	2	4	3	4	1	4	1	2	4	3	1	3	4	1	2	1	4	5	2	2	1	5	2	4	1	3	4	1	3	2	5	2	1	5	2	5	4	2	1	4	5	1	4	2	1	2	5	5	2	4	4	2	1	3	4	5	1	5	4	1	3	4	2	3	3
41893	4	5	5	3	2	1	1	5	5	4	4	2	4	5	2	3	2	3	2	1	4	3	4	4	5	4	5	3	5	4	5	4	3	5	4	1	4	3	2	1	5	5	4	4	5	1	4	5	4	5	2	3	2	1	2	1	1	4	3	5	3	5	4	5	5	3	2	2	1	4	2	5	5	5	4	2	4	4	2	1	4	1	4	5	2	4	5	1	1	3	4	4	4	5	2	4	4	4	4	4	1	4	4	1	4	4	5	2	3	4	1	4	4	4	5	2	4	2	1	5	2	2	5	5	4	4	5	3	2	4
42054	5	4	5	1	2	2	2	2	2	2	5	5	4	4	4	2	2	2	2	3	4	4	4	5	4	4	4	5	4	4	4	4	4	5	4	2	5	4	2	1	4	4	5	5	5	2	4	4	4	5	2	1	2	2	1	2	2	4	4	5	5	4	4	4	4	5	4	4	1	2	2	1	2	1	1	5	4	4	5	3	2	2	2	1	1	4	4	4	4	3	4	4	4	3	4	4	4	4	4	4	2	3	4	2	2	4	4	4	3	4	3	4	4	4	4	3	1	1	2	2	2	2	3	4	4	4	4	5	4	5
42064	4	5	5	1	1	2	1	1	2	1	5	5	5	5	2	1	2	3	1	2	4	5	3	5	4	5	5	5	5	4	5	5	5	3	4	1	5	5	2	1	5	5	5	5	5	1	5	5	5	5	1	1	2	1	1	1	1	5	4	5	4	5	5	5	5	2	4	5	3	2	1	1	1	1	2	5	4	4	4	2	1	4	3	2	1	4	4	5	4	5	3	5	5	4	4	3	4	4	4	3	2	5	4	1	1	2	2	3	4	5	3	3	5	5	4	2	1	3	4	1	2	1	3	5	4	5	5	3	5	4
42089	5	3	4	4	1	3	4	4	1	4	2	2	1	2	2	3	4	4	1	2	3	5	4	4	2	5	5	4	4	3	4	5	3	1	4	1	4	4	5	3	3	4	5	5	3	1	3	4	5	4	2	1	2	4	3	4	1	3	4	4	5	3	5	3	3	4	2	4	3	4	2	1	4	3	5	5	3	2	5	1	3	5	3	3	2	4	5	4	5	4	3	2	3	5	4	5	4	5	3	4	3	4	5	1	2	4	5	5	4	3	1	3	4	5	4	3	2	3	4	3	1	3	2	4	5	4	4	5	4	5
42376	3	4	3	3	3	4	3	2	3	3	3	4	4	3	3	3	2	3	2	4	4	5	3	3	3	3	3	3	4	2	2	4	3	2	4	2	4	3	3	3	2	2	3	4	4	3	2	4	5	4	4	3	2	3	3	3	2	4	3	4	3	3	3	4	3	3	3	2	3	3	4	3	3	3	3	3	3	3	3	2	3	4	3	3	2	4	4	3	4	4	5	3	4	4	4	3	4	4	4	3	3	3	3	2	3	3	4	4	3	3	3	4	3	4	4	3	3	3	4	3	3	3	3	3	3	3	3	4	4	4
42528	4	4	3	3	3	3	2	3	2	1	3	3	3	4	3	2	1	1	2	2	4	3	4	4	3	3	3	4	4	4	3	4	4	3	3	2	4	5	1	3	3	4	4	3	3	2	4	4	5	4	2	1	3	1	1	2	2	3	3	4	3	3	4	4	3	4	4	3	3	3	3	3	2	2	3	3	4	5	4	2	1	1	2	3	3	4	4	4	3	3	4	4	4	4	5	3	4	5	4	3	3	4	3	2	3	3	4	4	4	4	3	4	4	4	4	3	2	3	3	2	3	3	3	4	4	3	3	3	3	4
42735	4	3	3	2	2	2	3	2	3	2	3	4	4	4	4	4	2	3	2	4	4	4	4	4	3	4	4	4	3	4	4	3	4	3	4	3	4	3	2	3	4	3	4	4	4	4	3	4	3	4	2	2	1	2	3	3	2	4	4	4	4	4	4	4	4	4	4	4	2	2	2	2	2	3	2	3	4	4	3	2	4	2	3	2	3	4	4	4	4	4	3	4	4	4	4	4	4	3	4	4	2	3	4	2	3	4	3	4	4	4	2	4	4	3	4	2	2	3	2	3	2	2	4	4	4	3	3	4	4	4
43099	2	3	2	4	2	4	4	5	4	3	4	2	2	2	5	5	4	5	2	2	3	3	2	4	2	4	1	4	4	3	4	3	2	4	2	5	3	3	3	3	4	5	4	4	2	4	3	4	5	2	-99	4	5	4	2	4	2	3	1	3	5	4	3	4	4	2	3	1	1	3	4	3	5	3	4	5	3	2	4	4	4	2	2	2	3	4	5	2	2	5	2	5	3	2	3	2	4	3	1	4	1	2	1	4	3	4	5	1	2	1	1	3	4	1	3	3	2	3	1	4	5	5	3	1	4	1	2	1	4	5
43376	1	3	2	3	2	1	1	2	3	4	1	1	5	2	2	3	4	3	1	5	5	1	5	2	4	3	1	5	2	4	3	2	4	3	5	5	2	4	3	1	1	5	4	3	-99	4	3	1	2	4	3	4	2	3	3	4	2	1	5	2	2	3	1	5	3	4	5	2	3	2	4	5	4	3	2	5	2	5	3	3	5	4	1	1	3	4	5	3	2	1	1	2	4	4	1	5	3	4	2	4	4	3	5	1	2	4	3	1	1	4	4	5	3	1	2	2	1	3	4	3	3	2	4	4	3	4	1	4	1	2
44523	5	5	5	1	1	1	1	1	1	1	5	4	5	5	1	1	1	1	1	1	5	5	5	5	5	5	5	5	5	4	4	4	4	4	4	2	5	5	1	1	5	-99	5	5	4	2	5	4	4	5	2	1	1	1	1	1	2	5	5	4	5	5	4	5	5	5	4	5	2	1	2	1	2	1	2	5	5	5	5	1	2	2	2	2	2	4	4	5	4	5	5	5	5	4	4	4	5	4	5	5	1	4	5	1	1	5	5	5	4	4	1	4	5	5	4	1	1	1	1	2	2	1	5	5	4	5	4	5	5	5
44719	4	5	2	2	4	4	3	4	2	4	4	3	2	4	1	3	2	3	2	1	5	4	2	2	3	4	5	1	2	3	4	4	3	5	3	1	4	5	4	2	3	4	5	4	4	2	5	4	4	5	1	2	2	1	1	2	3	4	5	4	4	3	5	4	4	5	3	2	4	2	2	4	1	3	2	5	4	4	4	2	3	2	2	4	1	5	3	4	5	4	4	4	4	4	5	4	4	4	5	5	4	4	5	1	1	5	4	2	4	4	2	4	5	3	4	2	1	2	1	2	1	1	5	4	4	4	5	5	5	4
44887	5	5	5	1	1	1	1	1	1	1	5	5	5	5	1	2	1	1	1	1	5	5	5	5	5	5	5	5	5	5	5	5	4	5	5	2	5	3	1	2	5	5	4	3	5	1	5	5	5	5	3	1	1	1	1	1	1	5	5	5	5	5	5	5	5	5	5	5	1	1	1	1	1	1	1	5	5	5	5	2	3	1	2	1	2	5	5	4	5	5	4	5	4	5	5	5	5	5	5	5	1	5	5	1	1	5	5	5	5	5	1	5	5	5	4	1	2	3	1	1	1	1	3	4	5	5	5	4	3	4
45034	2	2	2	3	4	4	5	5	5	3	4	2	5	2	5	5	5	4	2	5	2	2	4	5	4	5	5	5	5	5	4	5	5	4	4	2	5	5	5	4	3	5	4	4	4	5	5	5	4	5	4	5	2	4	5	4	4	5	2	5	5	4	4	4	4	1	2	2	4	4	3	4	4	2	4	3	2	3	2	4	4	3	4	4	3	4	2	2	2	2	3	3	2	2	2	4	4	3	2	4	4	2	4	1	4	3	2	2	2	2	2	2	2	3	4	2	1	2	2	4	2	4	4	4	2	4	2	4	4	4
45159	4	3	3	2	2	3	3	2	2	3	4	3	3	4	2	3	2	2	2	2	3	4	4	4	4	4	4	3	3	4	4	4	4	4	4	2	4	4	3	3	3	4	4	4	3	2	3	3	4	4	2	3	2	2	2	2	3	4	4	4	3	4	4	4	4	4	3	3	2	2	3	3	5	5	3	1	3	3	3	4	5	2	3	3	2	3	4	3	3	3	4	3	4	4	4	3	4	4	4	4	3	4	4	2	2	4	3	4	4	4	3	4	4	3	4	3	2	2	3	2	2	2	4	4	4	4	4	3	4	4
45300	3	1	1	3	3	3	4	5	5	5	5	4	4	1	5	5	4	5	5	4	5	5	4	5	5	5	4	4	4	4	4	4	5	5	5	4	5	5	4	3	5	5	5	5	5	5	5	4	4	5	5	5	5	5	4	5	2	5	4	5	5	5	5	5	4	5	1	1	2	4	2	4	5	5	5	3	4	2	2	4	2	3	4	4	3	5	5	5	5	4	4	4	4	4	5	5	5	5	5	5	4	5	5	4	4	5	5	5	4	4	5	5	5	5	5	5	5	5	5	5	5	5	5	5	4	4	5	4	4	4
45539	4	4	4	2	2	2	2	2	1	2	4	4	4	4	2	2	2	1	2	2	4	4	4	4	4	4	4	4	4	4	5	4	4	4	4	2	4	4	2	3	4	5	4	3	4	1	5	4	5	4	2	1	2	1	2	2	2	4	4	4	4	4	4	4	3	4	4	4	2	2	2	2	2	2	2	4	4	4	4	2	2	2	2	2	2	4	4	4	4	4	4	4	4	4	5	4	5	5	5	5	1	4	5	1	1	4	5	3	5	5	2	4	3	4	5	2	2	2	2	2	2	2	4	4	5	4	4	4	4	5
45882	3	2	2	4	2	3	2	3	2	4	1	4	3	3	2	4	3	3	2	2	4	4	3	3	4	5	4	3	2	4	5	3	3	2	4	3	4	4	2	3	3	3	2	2	3	2	3	2	2	4	2	3	3	2	3	2	3	-99	4	2	3	3	3	3	4	3	2	1	3	2	4	3	2	3	3	3	4	3	2	3	4	3	2	3	2	4	3	5	4	4	3	2	2	3	3	2	3	3	4	2	4	3	3	4	4	3	3	3	4	3	3	3	3	4	2	3	3	2	3	2	2	4	4	2	2	3	4	3	4	3
46065	5	2	4	4	5	5	5	5	5	5	4	4	5	2	2	5	5	5	2	4	5	5	5	5	5	5	5	5	5	5	5	5	5	4	5	3	4	4	4	4	5	4	4	4	4	5	4	4	4	5	5	5	5	5	5	5	5	5	5	5	5	5	5	5	4	4	4	4	4	2	4	5	4	4	4	4	4	5	3	2	5	5	5	2	2	2	4	5	2	2	2	3	4	3	4	3	4	4	2	2	5	4	4	2	1	2	2	2	2	1	2	4	1	2	2	2	2	1	1	1	2	2	2	3	2	3	4	4	2	2
46094	4	1	1	2	3	2	5	5	2	5	1	4	4	4	5	4	4	5	4	5	4	5	5	5	5	5	5	5	5	5	5	5	5	5	5	1	5	4	4	5	2	5	2	2	5	5	4	5	5	5	1	5	5	4	5	5	2	5	1	5	5	5	5	5	5	1	1	1	2	4	1	5	5	2	5	4	1	4	4	5	5	2	4	4	2	4	5	5	1	1	5	5	5	5	2	5	5	5	5	5	1	5	5	5	5	5	4	4	4	5	5	5	5	5	5	1	5	1	2	4	1	1	4	5	5	5	5	5	5	5
46109	4	1	1	1	5	5	5	5	5	5	4	4	5	4	3	3	5	4	5	4	5	3	5	5	4	3	5	3	5	1	5	4	5	5	5	5	3	5	5	5	2	5	5	3	3	4	5	4	3	5	5	5	5	5	5	5	5	5	4	5	5	5	5	4	4	3	3	4	5	5	5	5	5	5	5	3	4	5	4	4	4	5	3	4	4	5	3	5	5	5	3	5	3	5	1	5	5	5	5	5	5	3	5	5	5	3	5	5	5	5	5	5	5	3	4	5	5	4	5	5	5	5	4	5	5	5	5	5	4	3
46199	2	4	2	5	2	2	3	1	3	4	5	2	2	4	4	4	2	4	4	3	1	1	4	3	2	5	4	3	4	2	1	5	3	2	5	3	3	4	1	3	5	1	4	5	2	5	5	2	1	5	2	3	2	3	5	1	3	3	4	3	1	3	4	5	4	4	4	2	3	3	5	3	3	5	3	3	3	4	2	3	1	2	5	2	4	2	4	3	3	5	2	3	1	1	2	4	2	3	4	1	3	5	4	4	1	3	2	5	3	3	2	3	1	4	2	5	1	4	5	3	3	5	5	2	1	4	2	2	2	2
46624	4	2	1	5	5	1	3	1	3	3	3	5	3	5	2	2	3	2	3	2	4	4	4	4	4	4	4	5	4	3	5	4	3	5	3	1	3	4	3	2	3	3	5	4	3	2	3	2	2	2	4	4	4	4	1	4	3	4	3	3	3	4	4	3	4	1	1	3	2	5	3	2	4	3	5	3	3	5	3	3	4	3	4	3	4	2	4	2	3	1	2	5	5	4	3	4	4	2	4	2	5	2	2	2	5	4	2	2	4	3	3	4	1	4	3	3	4	2	3	2	4	3	3	1	3	1	3	3	3	4
46841	4	4	4	2	2	2	2	2	2	2	4	4	4	4	2	2	2	2	2	2	4	4	4	4	4	4	4	4	4	4	4	4	4	4	4	2	4	4	2	2	4	4	4	4	4	2	4	4	4	4	2	2	2	2	2	2	2	4	4	4	4	4	4	4	4	4	4	4	2	2	2	2	2	2	2	4	4	4	4	2	2	2	2	2	2	4	4	4	4	4	4	4	4	4	4	4	4	4	4	4	2	4	4	2	2	4	4	4	4	4	2	4	4	4	4	2	2	2	2	2	2	2	4	4	4	4	4	4	4	4
47188	3	4	2	3	3	3	2	2	3	3	4	3	4	4	4	3	2	3	2	2	3	4	3	2	3	4	4	4	3	3	3	4	4	3	4	3	3	2	2	3	3	4	2	3	4	2	3	3	2	3	3	2	4	2	3	2	2	2	3	4	4	3	2	3	4	3	4	3	2	3	2	3	4	2	4	4	4	3	2	2	4	2	3	2	4	4	2	4	2	4	2	3	3	4	4	4	3	4	4	4	3	3	4	2	2	4	3	4	4	4	3	4	3	4	4	3	2	3	2	3	2	3	4	3	4	3	3	3	4	3
48143	2	5	2	2	1	5	2	2	5	3	5	4	1	4	1	5	3	4	1	5	5	4	2	5	1	5	3	2	5	4	1	4	2	1	5	4	5	2	3	2	1	4	5	1	5	2	2	5	2	4	1	5	1	4	2	1	2	2	5	2	2	4	5	1	4	5	3	2	1	4	1	5	1	3	2	5	1	4	2	1	4	1	5	5	1	2	4	2	5	5	5	2	5	2	5	4	3	5	1	5	4	1	5	3	4	5	4	5	2	5	5	4	3	5	2	2	4	5	1	1	4	1	5	2	5	2	5	3	1	5
48422	4	2	4	4	3	5	3	5	4	3	1	2	3	2	5	3	5	4	3	5	2	3	2	3	1	2	4	2	3	1	3	1	2	4	2	3	1	3	5	4	3	2	3	1	2	2	2	3	1	3	5	4	2	4	3	5	3	1	2	4	2	3	1	3	1	4	3	2	3	3	2	4	5	5	5	3	4	3	3	4	1	2	3	2	4	4	5	3	4	5	3	5	4	3	4	5	3	4	4	5	3	4	5	3	1	3	3	2	3	2	3	5	4	5	3	1	3	2	2	3	2	4	3	4	5	3	4	5	4	4
48709	2	4	2	4	2	5	4	3	4	2	2	3	2	4	3	2	5	4	3	2	3	4	2	4	5	3	4	5	3	2	4	5	3	5	4	3	2	4	1	3	2	2	5	4	2	3	4	5	4	3	1	4	2	2	1	3	2	3	4	5	4	3	5	4	3	1	4	4	4	5	3	2	3	4	3	4	1	2	4	1	4	4	3	2	2	3	4	5	2	4	5	2	3	2	4	5	3	3	5	4	2	5	3	2	1	2	4	4	5	4	1	3	4	5	4	1	3	3	1	3	2	1	3	4	4	5	4	4	5	3
49086	3	2	1	1	3	5	3	3	4	3	3	3	1	4	4	3	3	3	3	5	2	3	4	1	2	2	4	3	2	4	2	3	3	4	3	3	3	2	1	4	3	3	3	1	4	-99	2	3	4	3	3	4	2	3	3	2	3	2	4	4	2	3	2	2	2	3	2	2	2	3	3	4	3	3	4	3	5	5	3	5	1	3	1	4	4	2	2	3	3	4	2	3	2	2	2	4	3	3	4	5	4	3	1	3	2	4	4	3	3	2	1	2	3	3	4	3	2	4	2	1	2	4	4	4	2	3	3	3	1	3
49283	2	2	5	4	1	4	2	2	4	1	1	5	5	5	2	1	4	1	3	1	3	4	4	3	5	1	5	4	4	5	5	4	4	2	4	3	5	3	2	4	4	3	4	4	5	4	4	1	3	5	2	3	1	3	2	3	-99	5	2	5	2	5	5	4	4	2	5	3	1	4	1	2	1	1	5	4	3	2	4	2	2	3	4	2	3	5	4	2	2	3	4	5	4	5	2	5	2	5	4	4	2	4	3	2	1	2	3	5	4	5	4	5	5	5	1	4	1	4	2	1	4	2	5	4	5	5	2	3	4	5
49314	4	3	3	2	3	2	3	5	5	3	3	3	4	2	4	3	1	2	2	4	5	5	5	5	5	5	5	5	5	4	5	5	5	5	5	2	4	5	2	2	5	4	4	4	4	3	3	5	5	5	3	4	1	1	5	2	2	5	5	3	5	5	5	5	5	4	2	4	2	2	2	2	5	4	3	2	2	4	2	3	4	2	3	2	4	4	4	4	5	4	5	5	5	5	5	4	4	4	5	3	2	4	4	2	2	4	3	4	4	4	1	5	5	5	5	1	3	1	1	4	4	3	5	5	5	5	5	5	4	5
49611	4	4	4	2	2	2	2	2	2	2	4	4	4	4	2	2	2	2	2	2	4	4	4	4	4	3	4	4	3	3	3	4	4	4	3	2	3	3	2	2	3	4	4	3	3	3	4	4	4	3	3	3	2	2	3	2	2	5	3	4	4	4	4	4	4	4	4	4	2	2	2	2	2	2	2	4	4	4	3	2	2	2	2	2	3	4	4	3	3	4	3	4	4	4	3	3	3	4	5	5	2	4	4	2	2	5	4	4	4	3	2	4	4	4	4	2	2	2	1	2	3	3	3	4	4	4	4	3	4	4
49668	4	2	4	5	5	3	5	5	5	5	5	5	5	4	4	5	5	5	4	4	5	3	4	5	4	4	4	4	4	4	5	5	5	5	5	3	5	4	5	5	5	3	3	5	4	5	5	5	3	5	4	5	3	5	2	5	2	5	3	4	5	5	5	5	5	3	2	5	5	3	3	4	5	4	5	5	5	4	3	5	5	5	5	5	4	5	3	4	5	4	4	5	4	4	4	5	5	5	5	5	4	4	5	5	5	5	5	3	4	4	5	5	5	3	5	4	5	5	5	2	5	2	5	4	4	5	5	5	5	5
49789	2	4	5	3	2	1	1	3	2	1	4	3	3	5	3	2	2	2	1	3	5	4	3	1	3	4	5	4	4	3	5	5	5	5	3	2	5	5	3	1	4	5	4	3	5	2	3	5	4	5	3	1	3	2	2	3	1	4	2	4	3	5	2	2	2	4	5	3	3	2	1	2	3	1	3	5	3	4	3	1	4	3	1	3	2	3	4	5	4	5	4	5	2	3	4	5	1	5	5	1	1	4	5	4	3	5	2	5	3	1	2	5	2	3	5	1	5	2	1	3	1	1	4	4	4	5	3	4	5	4
49841	2	4	3	2	3	3	3	2	4	2	4	4	4	4	3	2	1	2	2	2	2	3	3	4	2	4	4	3	4	4	4	4	4	3	4	2	4	4	2	2	-99	4	4	4	4	2	-99	4	2	4	1	3	2	3	2	-99	3	-99	4	4	4	4	4	4	4	4	4	5	1	2	2	2	2	2	2	4	4	5	5	2	1	2	1	2	2	4	4	4	4	4	4	5	4	5	5	4	5	4	4	4	2	5	4	1	2	4	4	4	5	4	2	4	4	4	4	2	2	2	2	2	1	2	5	4	4	4	4	4	4	4
49847	4	4	4	1	1	2	1	3	3	3	5	3	4	4	2	3	2	3	2	2	4	4	3	4	3	4	4	3	3	4	3	4	3	3	4	2	3	3	3	3	3	3	4	4	4	3	3	3	3	3	3	2	3	3	2	3	3	4	4	4	4	4	4	3	3	4	5	4	3	3	2	2	3	3	2	4	4	3	4	2	3	2	3	3	3	4	4	3	3	5	3	4	3	4	3	4	3	4	3	4	2	4	4	2	3	3	5	4	4	4	3	4	4	4	4	2	2	2	2	2	2	2	3	3	4	4	3	4	4	5
50420	2	2	2	5	2	3	5	3	2	2	3	1	1	3	2	2	3	2	2	2	4	2	4	5	4	4	4	4	4	4	5	5	5	4	5	1	5	5	2	1	5	5	5	5	4	1	5	5	5	4	1	1	1	1	1	1	1	4	4	4	4	4	4	5	5	4	3	3	2	2	2	2	2	2	5	1	2	4	4	2	2	4	2	2	3	2	4	3	3	2	2	4	5	5	5	4	5	5	5	4	1	5	5	1	1	5	5	5	5	5	1	5	4	4	4	2	2	1	2	1	1	1	4	4	5	4	3	4	4	1
50539	4	3	2	2	3	4	5	5	2	5	5	5	5	4	4	4	4	5	3	4	4	5	4	4	4	5	5	5	5	3	5	4	4	5	4	2	5	4	4	5	2	4	1	2	2	4	4	4	2	4	4	5	2	5	4	3	4	4	4	4	5	4	4	5	5	5	3	5	1	3	5	5	5	2	5	4	4	1	4	5	5	5	5	4	5	5	5	5	5	5	5	5	5	5	4	5	4	5	5	5	4	5	4	5	5	4	4	2	2	4	5	3	5	1	4	5	5	4	5	5	2	4	5	4	5	5	5	5	5	5
51122	2	2	1	5	5	5	5	5	5	5	5	5	5	5	5	5	5	5	5	5	5	4	5	5	4	4	5	5	5	2	5	5	5	5	5	5	5	5	5	5	5	5	5	5	5	5	5	5	4	5	5	5	4	5	5	5	4	5	2	5	5	5	5	5	-99	5	5	5	5	5	5	5	5	5	5	5	5	5	5	5	5	5	5	5	5	5	2	5	5	2	5	5	5	5	1	5	5	5	5	5	5	5	5	5	5	5	5	5	5	5	5	5	5	5	5	5	5	5	5	5	5	5	5	5	5	5	5	5	5	5
51954	4	1	1	1	3	3	5	5	5	5	5	5	5	5	5	5	5	5	3	5	3	5	5	5	5	5	5	5	5	5	5	5	5	5	5	3	5	5	5	5	5	5	5	5	5	5	5	5	5	5	1	5	5	5	5	5	5	5	5	5	5	5	5	5	5	3	5	4	1	2	5	5	5	3	5	5	5	5	5	5	5	5	5	2	5	5	5	5	5	4	3	5	4	4	4	5	5	3	5	4	4	5	3	5	3	5	5	5	5	5	5	5	5	5	5	5	5	5	2	5	5	5	5	5	5	5	5	5	5	5
52161	3	1	3	4	4	3	5	5	5	5	5	5	5	3	5	5	5	5	5	5	5	5	5	5	4	5	5	5	5	4	5	1	5	5	5	2	5	5	5	5	5	5	3	4	4	5	5	5	3	5	4	5	3	5	5	5	4	5	5	4	5	5	5	5	5	3	1	3	5	5	3	5	5	5	5	5	5	5	4	5	5	5	5	3	5	5	5	5	3	5	5	4	5	5	4	5	1	5	5	5	2	5	5	5	5	5	4	4	4	4	5	4	5	4	5	5	5	4	5	5	5	4	5	5	4	5	5	5	5	5
52525	4	4	4	2	2	2	2	2	2	1	5	4	5	4	3	2	2	2	3	2	4	4	3	4	4	4	5	3	4	4	4	5	4	4	4	2	4	4	1	1	5	5	4	4	5	3	2	1	3	3	1	1	2	2	2	2	1	4	4	4	4	5	5	3	3	4	3	4	2	2	2	2	3	3	3	3	5	5	4	3	2	2	2	2	2	4	5	4	4	3	4	2	4	1	5	4	3	5	4	4	3	5	1	2	1	4	3	4	5	4	1	4	4	4	2	2	2	3	2	2	4	3	1	5	2	5	4	4	3	4
52555	3	3	4	2	3	3	3	2	3	4	3	3	4	3	3	2	3	3	2	3	4	4	3	5	3	4	3	4	4	3	4	4	3	4	3	2	2	3	2	3	4	4	5	3	4	2	3	4	4	4	3	2	2	2	3	3	3	4	4	4	4	4	4	3	3	3	4	3	2	4	3	3	3	1	2	3	5	3	4	4	2	2	2	3	2	3	4	3	4	3	4	4	3	4	4	3	4	3	4	3	2	4	3	2	3	3	4	4	3	4	3	4	5	4	3	3	2	4	2	4	2	2	3	4	3	4	3	3	2	4
52601	2	2	2	5	5	5	5	5	5	5	5	5	5	5	5	5	5	5	5	5	5	5	5	5	5	5	5	5	5	5	5	5	5	5	5	5	5	5	5	5	5	5	5	5	5	5	5	5	5	5	5	5	5	-99	5	5	5	5	5	5	5	5	5	5	5	5	5	5	5	5	1	5	5	5	5	5	5	5	5	5	5	5	5	5	5	5	5	5	5	5	5	5	5	5	5	5	5	5	5	5	5	5	5	5	5	5	5	5	5	5	5	5	5	5	5	5	5	5	5	5	5	5	5	5	5	5	5	5	5	5
52702	2	2	3	2	4	4	3	5	2	4	3	2	5	1	5	2	1	3	2	2	4	4	4	5	3	5	5	5	5	5	3	5	4	4	5	4	3	4	5	3	4	5	5	5	5	5	3	5	5	5	5	5	3	5	3	5	5	5	3	5	5	5	5	5	3	4	2	2	4	4	4	4	5	5	4	3	3	5	1	4	4	1	4	3	4	4	4	4	3	4	4	4	5	4	5	5	4	4	4	4	2	5	4	4	3	4	4	5	5	5	4	2	4	3	4	2	5	3	5	4	4	4	5	4	4	4	5	4	5	3
52758	5	2	1	5	3	3	5	5	5	5	4	4	4	4	4	4	3	4	3	3	5	3	5	5	5	5	5	5	4	4	5	5	5	5	5	3	5	5	5	4	5	5	5	5	5	5	5	5	5	5	1	5	5	5	5	5	5	5	5	5	5	5	5	5	5	3	1	4	5	3	3	5	5	5	5	4	3	4	4	4	4	4	4	4	5	5	3	4	5	5	5	4	5	5	5	5	5	5	5	5	4	5	5	5	5	5	5	5	5	5	5	5	5	5	5	5	5	1	5	5	5	5	5	5	5	5	5	5	5	5
52881	4	1	1	1	4	2	2	5	4	4	2	2	4	2	5	5	2	5	2	5	4	5	4	4	5	4	5	5	5	4	1	2	4	4	4	1	4	5	2	5	4	2	2	2	5	5	4	5	4	5	2	5	2	1	2	2	1	4	5	4	5	-99	5	5	2	4	1	1	1	4	1	5	5	4	5	1	2	5	2	5	5	1	5	2	5	4	5	4	4	5	4	5	5	5	5	4	5	5	5	4	1	5	5	2	5	4	4	4	4	5	1	4	5	4	5	2	5	2	1	1	2	2	5	4	5	5	2	1	4	4
53093	4	4	5	2	1	2	1	3	2	2	5	5	5	3	2	1	1	2	2	1	4	5	4	4	5	5	4	5	4	5	4	4	5	5	5	1	4	4	2	1	4	4	5	5	4	1	5	5	4	-99	2	2	1	1	-99	1	2	5	4	5	5	4	4	4	5	4	5	4	2	1	2	2	3	1	2	5	4	5	4	1	2	2	1	3	1	4	5	4	5	5	4	5	4	3	4	5	4	4	5	4	3	4	5	1	1	4	3	4	4	5	1	4	5	4	5	3	2	1	1	2	3	2	5	4	5	4	4	4	5	4
53309	4	3	3	5	5	5	5	5	5	5	5	5	4	4	5	4	5	3	4	5	5	5	5	5	5	5	5	5	5	5	5	5	5	5	5	3	5	5	5	4	4	4	4	4	4	5	4	4	4	4	4	5	4	5	5	5	5	5	5	5	5	5	5	4	5	4	5	5	3	4	5	4	4	5	5	5	5	4	4	5	4	5	5	3	4	4	5	4	4	4	4	4	4	4	4	5	5	4	4	3	2	4	4	4	4	4	4	4	4	4	4	4	4	4	4	2	4	2	2	4	3	2	2	3	4	4	4	4	5	4
53342	2	2	2	4	4	2	4	4	4	4	3	3	2	4	4	4	4	3	2	4	5	5	5	5	5	5	5	5	5	5	5	5	5	3	3	5	5	5	5	3	5	5	5	5	5	1	5	5	5	5	5	5	5	5	5	5	5	5	5	5	5	5	5	5	5	3	2	2	4	2	2	3	4	4	4	5	5	3	5	5	5	5	4	5	5	5	5	5	5	5	5	5	5	5	5	5	5	5	3	3	5	5	5	3	3	5	5	5	5	5	1	5	5	5	5	5	5	5	5	5	5	5	5	5	5	5	5	5	5	5
53642	4	4	4	3	3	3	5	5	5	4	4	5	4	3	4	3	3	4	4	4	5	4	5	4	4	4	4	4	4	3	4	4	4	4	5	4	3	4	4	4	3	4	3	4	4	4	3	3	4	3	3	5	3	4	4	4	4	5	4	4	4	4	4	4	3	4	3	2	3	3	3	3	5	5	5	3	4	3	3	5	3	4	3	3	2	3	3	2	2	3	5	2	4	4	4	4	3	4	4	3	3	1	4	5	2	2	4	4	4	3	3	4	2	3	5	3	3	3	3	3	2	2	4	4	4	3	3	2	4	4
53687	4	5	3	2	3	4	1	2	2	2	4	3	5	4	2	2	1	2	1	1	4	5	4	4	4	4	3	3	4	5	4	5	5	1	3	2	5	4	2	3	4	5	5	4	4	1	5	4	4	3	2	3	4	-99	4	2	1	4	4	-99	2	2	4	4	2	4	3	5	2	2	1	1	1	3	2	4	3	4	3	2	5	5	5	3	3	3	4	2	2	2	5	3	4	5	2	2	3	4	2	2	3	4	3	3	3	2	3	3	3	5	1	5	5	1	3	2	1	1	2	1	2	3	1	3	3	5	4	5	5	2
53992	4	3	1	3	2	1	2	2	2	4	4	4	5	3	5	4	2	5	2	2	4	5	5	4	5	5	5	4	5	1	5	5	5	4	5	1	4	4	2	3	4	3	2	4	5	5	3	4	4	4	1	3	1	1	1	2	3	4	5	5	5	5	5	5	4	4	2	2	5	2	2	2	1	2	4	4	4	5	5	4	5	1	5	1	4	4	5	5	4	5	5	5	5	5	3	5	4	4	5	5	1	4	5	2	3	5	5	3	5	5	4	4	5	5	4	1	3	1	1	1	1	2	5	3	5	5	4	4	4	3
54418	3	4	3	2	4	2	4	4	4	4	2	3	2	3	4	4	4	4	4	4	4	3	2	3	2	2	2	2	2	2	2	2	2	2	2	4	2	2	4	4	2	2	2	2	2	4	2	2	2	2	4	4	4	4	4	4	4	2	2	2	2	2	2	2	2	3	4	4	2	4	2	4	4	4	4	2	3	2	2	4	4	4	4	4	4	2	2	2	2	2	2	3	2	3	3	3	2	3	3	2	3	2	1	5	3	3	3	1	1	1	5	3	3	3	2	4	4	4	4	4	4	4	2	2	2	2	2	4	2	2
54598	5	1	4	4	5	5	5	5	5	4	4	4	4	4	5	4	1	5	2	5	4	4	4	4	4	4	4	4	4	4	5	4	5	5	5	1	4	4	4	5	2	5	4	2	4	5	2	4	4	2	5	5	4	5	5	2	2	3	4	-99	5	4	4	5	4	4	2	4	5	4	4	4	5	5	5	3	2	4	4	5	4	1	4	4	4	2	2	2	4	4	4	4	4	4	4	5	5	5	5	5	2	4	4	5	4	2	2	2	2	4	4	4	5	5	5	2	4	4	5	5	4	4	2	4	4	4	4	4	5	4
55004	2	4	4	1	4	3	4	2	4	2	3	2	2	2	4	4	2	4	4	2	2	3	2	3	4	3	2	2	3	2	2	2	3	2	4	4	3	2	4	3	2	2	3	2	2	4	2	4	4	3	3	4	4	2	4	4	3	2	3	2	3	2	2	2	3	2	3	4	3	4	2	1	3	3	4	4	1	5	2	5	3	1	3	1	5	2	4	5	2	1	3	5	4	3	2	3	2	5	4	2	2	4	5	4	2	5	2	4	5	4	1	4	5	5	2	2	1	2	2	5	2	1	4	2	5	4	4	1	5	2
55211	3	1	4	5	5	5	5	5	5	5	4	4	5	3	5	5	3	5	4	5	5	5	5	5	4	4	5	4	5	5	5	5	5	5	5	3	3	5	5	5	5	5	5	5	5	5	5	5	3	5	5	5	5	5	5	5	5	5	5	5	5	5	5	5	3	3	1	4	5	4	5	5	5	5	5	3	4	5	3	5	5	5	3	3	5	5	5	5	5	3	4	5	4	5	4	5	5	5	5	5	3	4	5	5	5	4	5	5	5	5	5	5	5	3	5	5	5	5	5	5	5	5	5	5	5	5	5	5	5	3
55531	3	4	1	1	2	3	4	5	3	2	2	2	3	4	3	2	2	4	5	3	3	4	5	2	3	4	4	1	5	1	4	2	5	3	2	2	2	5	1	4	2	5	2	4	5	2	4	1	2	3	4	3	1	1	2	3	2	2	3	3	2	2	4	4	4	4	5	4	5	3	5	4	3	4	5	3	4	5	4	5	4	3	2	4	3	3	3	5	4	2	5	3	2	1	5	2	2	2	4	4	1	5	1	2	4	3	3	3	4	4	4	5	2	2	2	2	2	5	2	4	2	4	4	3	2	2	5	2	3	2
55595	4	3	4	3	3	2	2	2	2	2	4	4	4	4	3	2	2	3	2	2	4	4	4	3	3	3	3	4	3	3	4	3	3	3	3	3	3	3	3	2	3	3	3	3	3	3	3	3	3	3	3	3	3	3	3	3	3	3	3	3	3	3	3	3	3	3	3	3	3	3	3	3	2	3	3	3	3	3	3	3	3	3	3	3	3	3	3	3	3	3	3	3	3	3	3	3	4	3	4	3	3	3	3	3	3	3	3	3	3	3	3	3	3	3	3	3	3	3	3	3	3	3	3	3	3	3	3	3	3	3
56047	3	5	5	1	2	3	3	2	1	1	5	4	5	5	1	1	2	3	2	2	5	5	4	5	5	5	4	3	4	3	3	3	4	4	5	2	5	5	3	1	4	3	5	5	5	2	4	5	5	4	1	1	1	1	3	2	1	5	4	4	4	4	4	5	3	5	4	3	1	1	2	1	1	2	3	5	4	4	4	2	3	1	2	1	2	4	3	5	4	3	4	3	3	4	3	2	5	4	5	4	1	3	3	2	1	5	5	3	3	3	2	3	3	4	2	1	2	2	2	2	1	1	4	4	5	5	5	5	4	3
56132	3	3	4	2	3	3	3	2	2	2	4	4	4	3	3	2	2	2	4	2	4	4	3	3	3	3	3	4	4	4	3	3	3	3	4	3	4	4	2	3	3	2	4	4	4	2	4	3	3	4	3	3	2	2	3	2	3	4	3	3	3	3	3	3	4	3	3	3	2	2	3	3	2	3	3	3	3	3	2	2	3	3	3	3	3	3	4	3	3	3	3	3	3	3	4	4	3	3	3	4	3	3	3	3	3	3	4	3	2	4	3	3	4	3	3	3	3	3	3	3	2	4	3	3	3	3	3	3	3	3
56238	2	2	3	3	4	2	3	2	3	2	2	1	2	3	2	4	3	1	4	4	3	2	3	3	3	4	3	5	3	3	3	5	1	4	3	3	2	2	3	4	4	3	5	5	4	3	2	3	1	1	3	3	5	3	3	2	3	2	3	4	3	3	4	3	3	2	3	3	4	4	3	3	3	4	3	1	3	3	3	3	3	4	4	2	3	3	4	3	3	4	4	3	3	3	5	3	2	3	4	1	2	2	1	2	5	2	3	2	1	3	3	3	5	1	2	3	3	3	1	4	4	2	4	3	4	2	3	2	3	3
56709	2	3	3	2	3	2	3	2	3	2	3	4	3	4	3	2	3	2	3	2	3	4	3	4	4	3	4	3	3	4	3	4	3	4	3	2	3	4	3	2	3	4	3	4	3	2	3	3	4	3	2	3	2	3	2	3	2	3	3	4	3	4	3	4	3	4	3	3	2	3	2	3	3	2	3	4	3	4	3	3	2	3	2	3	2	3	4	3	4	3	4	3	4	4	3	3	4	3	4	3	2	3	4	3	2	3	4	3	3	4	3	4	3	4	3	2	3	2	3	2	3	2	3	3	4	3	3	4	3	4
56746	4	2	3	2	3	1	3	4	2	3	3	3	4	4	2	2	2	4	4	1	4	1	3	3	3	3	3	4	3	3	4	3	3	3	4	2	4	3	3	3	2	4	4	3	3	5	2	4	2	4	2	3	4	2	4	4	2	2	4	4	3	3	4	3	3	4	4	4	2	4	3	3	5	3	2	1	3	5	2	2	2	2	2	3	2	3	3	1	3	5	3	2	4	3	5	5	3	4	4	4	2	4	4	1	2	4	4	2	3	3	2	3	1	4	2	2	2	2	4	4	2	2	4	1	4	2	2	3	5	3
56833	4	3	3	2	3	2	1	3	4	4	5	3	4	3	5	2	1	4	4	1	5	4	4	5	4	4	3	2	3	4	4	5	4	5	5	2	3	3	2	2	2	4	2	2	3	2	4	1	4	4	1	1	1	3	1	4	4	3	4	5	4	5	3	2	3	5	4	2	3	3	3	1	2	2	3	3	2	3	1	3	4	3	2	3	4	4	2	3	3	3	2	2	4	2	3	4	4	2	5	4	2	4	4	5	4	4	3	4	3	4	1	4	2	3	1	2	3	4	2	2	3	3	2	4	2	3	5	2	4	5
56936	3	2	2	5	5	5	5	5	5	5	3	4	5	1	4	4	5	3	3	4	5	5	5	5	3	5	5	3	4	3	5	5	5	5	5	5	4	5	5	5	4	5	4	3	3	5	4	3	3	5	5	5	4	5	4	5	3	5	3	5	5	4	5	3	3	4	4	5	5	4	4	5	5	5	5	3	3	5	3	3	5	3	3	3	3	5	5	5	5	5	5	5	5	5	1	5	5	5	5	5	5	5	5	5	5	5	3	3	3	3	3	4	3	3	4	4	5	4	2	3	5	5	5	3	5	5	5	5	5	5
56937	4	4	1	2	5	3	5	5	3	5	4	3	4	2	5	4	3	5	3	4	2	4	4	4	4	5	5	5	4	4	3	4	4	5	4	1	5	4	4	4	1	4	3	5	5	2	3	4	4	3	2	5	2	2	2	3	3	2	2	3	-99	4	4	4	1	4	4	1	1	2	4	3	4	3	1	2	3	1	2	3	3	4	1	5	3	2	3	2	2	4	1	3	5	3	2	5	4	2	3	4	3	1	2	5	3	4	4	3	4	3	3	4	3	5	2	3	5	2	2	4	2	2	2	3	4	3	4	2	5	1
56942	4	5	3	1	4	2	3	1	4	1	3	4	5	4	1	3	1	4	1	3	5	4	5	4	5	3	4	3	5	3	3	4	4	4	3	1	4	4	2	4	5	2	3	5	3	1	4	5	4	4	1	2	3	2	1	2	2	4	3	5	2	3	4	4	5	4	5	2	2	3	2	3	2	3	2	4	5	2	5	3	2	1	3	4	1	5	4	5	3	5	4	4	4	5	5	3	5	5	2	5	1	3	3	1	2	4	4	5	5	3	2	4	5	4	3	2	1	2	2	2	1	3	4	4	5	4	4	5	4	5
57217	5	5	5	2	1	2	1	2	1	2	5	4	5	5	2	1	2	1	2	1	5	4	5	5	4	5	4	5	4	5	4	5	4	5	4	1	5	4	1	2	4	5	4	5	5	2	5	5	5	5	1	2	1	1	2	1	2	5	5	4	5	4	5	4	5	5	4	5	1	1	2	2	3	2	1	4	4	5	5	1	2	2	2	1	3	5	5	4	5	5	4	4	5	5	5	4	4	5	4	3	1	5	5	1	2	5	5	5	4	4	1	4	5	4	4	1	2	1	1	2	2	1	5	3	4	5	5	5	5	4
57375	5	1	3	3	4	3	4	4	4	4	4	5	5	4	5	2	2	4	3	5	5	5	5	5	5	5	5	5	5	5	5	5	5	5	5	3	5	5	5	4	5	5	5	5	4	2	4	4	4	5	5	5	3	5	5	4	3	4	4	5	5	5	5	5	5	4	3	3	2	2	2	4	3	4	4	4	4	4	2	3	3	3	4	2	4	3	3	3	3	4	4	4	4	4	4	5	4	4	4	2	2	5	5	4	1	4	4	4	5	5	4	3	5	5	5	4	4	2	2	5	2	1	3	4	5	5	5	5	5	5
57604	4	4	4	2	2	2	2	3	3	2	4	4	4	4	2	2	2	2	2	3	4	4	4	4	4	3	3	4	4	4	4	4	4	3	3	2	4	4	2	2	4	3	4	4	4	2	4	4	4	3	2	2	2	2	2	2	2	4	4	4	3	4	4	4	3	4	4	4	2	2	2	2	2	3	3	3	3	4	2	2	2	2	2	2	2	4	4	4	4	4	4	4	4	4	4	4	4	4	4	4	2	4	4	2	2	4	4	4	4	4	2	4	4	4	4	2	2	2	2	2	2	2	3	3	3	3	3	3	3	3
57809	2	3	3	4	4	2	4	1	4	3	3	2	3	5	2	3	4	3	2	2	4	4	3	4	3	2	3	3	3	4	3	2	4	3	4	1	4	4	3	3	2	2	2	4	3	3	4	3	4	5	2	2	4	2	3	1	2	5	-99	5	4	4	3	3	4	4	3	4	4	2	2	2	3	4	2	2	3	2	5	2	3	3	3	2	2	3	3	2	3	3	3	5	4	4	4	5	4	5	3	4	3	3	3	3	3	3	4	4	4	2	3	3	4	3	2	3	2	3	2	2	2	2	4	5	4	3	3	3	4	5
58009	4	4	5	2	2	1	2	2	1	2	4	4	4	4	1	2	2	1	2	2	5	4	5	4	4	5	4	5	4	4	5	4	5	4	4	2	5	5	1	1	4	5	5	5	5	1	4	4	4	4	2	1	1	1	-99	2	2	5	5	4	4	4	4	5	5	4	4	4	1	1	2	2	2	1	2	4	4	5	5	1	1	1	2	2	1	4	5	5	4	5	5	4	4	4	4	4	5	4	4	4	1	5	4	1	1	5	4	5	5	4	2	4	4	5	4	1	2	2	2	2	1	1	4	4	4	4	4	5	5	4
58036	3	3	3	3	3	3	3	3	3	3	3	3	3	3	3	3	3	3	3	3	3	3	3	3	3	3	3	3	3	3	3	3	3	3	3	3	3	3	3	3	3	3	3	3	3	3	3	3	3	3	3	3	3	3	3	3	3	3	3	3	3	3	3	3	3	4	3	4	3	3	2	3	3	3	3	3	3	3	3	3	3	3	3	3	3	3	3	3	3	3	3	3	3	3	3	3	3	3	3	3	3	3	2	3	3	3	4	3	4	3	3	3	3	3	2	3	2	3	3	3	3	3	4	3	3	3	3	3	2	3
58748	5	3	4	1	3	2	3	2	1	3	4	3	5	4	3	3	1	2	3	1	4	3	5	4	4	5	3	4	3	5	4	3	5	3	5	1	3	4	3	1	3	5	4	3	5	2	3	5	4	3	1	1	3	2	1	3	2	5	3	5	4	3	4	5	3	4	3	5	3	1	2	1	3	2	1	3	4	5	3	1	2	3	1	2	3	5	4	5	3	5	3	5	4	3	5	4	3	5	3	5	2	5	3	1	3	4	5	3	5	3	1	4	3	5	4	3	1	3	1	3	1	2	3	5	4	3	5	4	3	5
59290	5	5	5	1	5	5	5	5	5	5	4	5	5	3	4	5	5	2	3	5	5	5	5	4	5	5	5	5	5	5	5	5	5	5	5	5	5	5	1	5	5	4	4	5	5	5	5	5	3	5	5	5	5	5	3	5	3	5	3	4	5	5	5	5	5	5	5	5	1	5	5	5	5	5	5	4	3	5	1	5	5	5	3	3	5	5	5	5	5	5	5	5	5	5	5	5	1	5	5	5	5	5	5	5	5	5	5	5	5	5	5	5	5	5	5	1	1	1	1	5	5	3	5	3	4	5	5	5	5	5
59439	2	1	1	4	4	4	5	5	5	5	5	5	5	5	5	5	5	5	5	5	5	4	5	5	2	5	5	5	5	4	5	5	5	4	5	5	5	5	5	5	5	5	5	5	5	5	5	5	5	5	5	5	5	5	5	5	5	5	5	5	5	5	5	5	5	2	1	2	4	3	3	5	5	5	4	4	5	5	4	4	5	5	5	4	4	5	4	4	5	3	5	5	5	5	4	5	4	4	3	4	4	4	5	5	4	4	4	4	4	4	4	5	4	4	5	1	5	5	5	5	5	5	5	5	5	5	5	5	5	4
60045	5	5	4	2	2	2	1	1	2	2	4	4	4	4	2	2	2	2	2	2	5	5	5	5	5	5	5	5	5	5	5	5	5	5	5	1	5	5	1	1	5	5	5	5	5	1	5	5	5	5	1	1	1	1	1	1	1	5	5	5	5	5	5	5	5	4	5	5	1	1	1	1	1	1	1	5	5	5	5	1	1	1	1	1	1	5	5	5	5	5	5	5	5	5	5	5	5	5	5	5	1	5	5	1	1	5	5	5	5	5	1	5	5	5	5	1	1	1	1	1	1	1	5	5	5	5	5	5	5	5
60362	4	3	3	2	3	4	4	4	5	4	4	4	5	4	4	4	5	4	3	4	4	5	4	4	5	5	5	5	4	4	5	4	4	5	4	3	5	5	4	4	3	4	3	2	4	4	4	4	4	5	2	4	4	5	5	4	3	5	4	4	5	4	5	4	4	4	3	2	2	3	5	4	5	3	4	5	4	4	5	4	4	5	3	4	5	4	5	5	4	5	4	4	5	4	4	5	4	4	4	4	2	5	4	4	4	2	2	2	5	4	3	4	5	4	4	2	2	2	4	5	4	2	5	5	4	4	4	4	5	4
60417	3	4	4	2	2	3	1	2	3	1	4	3	5	5	3	1	2	3	3	2	4	5	5	3	3	3	3	5	4	3	4	3	4	3	4	2	5	4	3	3	4	3	4	4	4	1	5	3	3	4	2	2	3	1	1	2	2	5	3	3	4	4	4	5	3	4	3	4	1	2	3	2	3	2	3	3	3	4	5	3	2	3	2	1	2	3	5	5	4	4	4	3	4	3	5	5	4	3	4	4	2	3	3	2	2	4	4	5	5	5	2	5	4	4	3	3	3	3	2	2	3	2	5	5	4	3	4	4	3	3
60446	3	4	1	3	3	3	3	2	4	3	3	4	4	2	5	2	4	2	3	4	4	4	4	3	5	2	2	2	3	3	3	3	3	4	3	3	3	3	4	2	4	3	2	4	3	2	2	4	2	4	4	3	3	2	4	3	4	3	3	2	4	4	2	3	2	3	3	3	4	3	3	2	2	4	2	4	3	2	3	3	3	4	3	3	2	5	5	2	4	2	5	2	3	4	4	5	1	2	3	4	1	4	2	2	3	5	2	4	2	2	4	4	2	2	3	2	3	3	5	1	3	5	4	2	3	4	3	1	2	2
60626	2	3	4	4	5	4	4	4	4	4	4	3	2	2	3	3	3	3	4	3	4	3	3	3	2	2	2	3	4	4	4	3	3	3	3	3	3	3	3	3	3	2	2	2	2	4	2	2	2	2	4	4	4	4	4	4	4	2	2	2	2	2	3	3	3	2	2	2	4	3	3	3	3	3	3	3	3	3	3	3	3	3	3	3	3	3	3	3	3	3	3	3	3	3	3	3	3	3	3	3	4	4	5	1	1	5	5	4	4	4	1	4	4	4	3	3	3	3	3	3	3	3	2	2	3	2	4	2	3	2
60713	3	2	2	3	2	2	5	5	4	4	4	5	5	3	4	4	5	5	4	4	5	4	4	5	4	4	5	4	4	5	5	4	5	5	4	4	4	5	4	5	4	5	4	5	5	4	4	5	5	4	4	5	4	5	5	5	4	5	4	5	5	5	4	5	5	4	2	4	3	4	3	5	5	5	4	5	4	4	2	4	4	4	4	2	4	4	4	3	5	4	4	5	4	5	5	5	5	4	5	4	4	4	5	4	5	4	4	4	5	5	4	5	5	4	5	4	5	3	4	5	5	3	5	5	5	4	5	4	5	4
60852	2	3	2	5	2	1	3	3	4	3	4	4	4	2	2	5	2	3	2	5	5	5	5	5	5	5	5	5	5	4	4	4	4	4	5	2	3	4	1	3	4	5	5	5	5	5	4	5	5	5	5	5	5	5	5	5	5	4	4	4	5	4	5	5	4	1	2	3	5	2	1	5	4	5	5	4	4	5	5	4	2	2	4	4	2	4	5	5	5	5	5	5	5	5	3	5	5	4	3	5	2	4	5	2	2	4	5	5	5	5	5	4	5	5	5	5	5	5	5	5	5	2	5	5	5	5	5	5	5	3
60876	3	4	2	3	3	3	2	3	2	4	3	3	4	4	3	3	3	1	3	2	4	2	5	3	4	5	3	4	4	4	3	3	2	2	4	2	3	3	3	2	4	3	4	3	4	3	4	3	1	3	3	4	3	2	3	5	3	2	3	3	3	2	4	3	3	4	3	4	4	3	3	2	3	2	4	3	2	3	3	3	2	3	2	4	3	3	3	3	4	3	3	4	3	4	4	4	3	5	4	2	2	2	4	1	3	4	4	3	3	4	2	2	3	3	4	2	3	2	3	2	3	2	3	4	3	4	3	4	3	3
60960	4	3	4	2	1	1	2	4	2	3	3	4	5	4	3	2	2	2	2	2	4	4	4	4	4	5	5	5	5	4	4	4	5	4	5	2	4	4	2	1	5	4	4	5	4	2	5	5	4	4	1	2	2	2	1	2	1	4	4	5	4	4	5	4	5	4	5	4	2	2	1	2	3	3	2	4	5	4	4	3	2	2	2	2	2	4	5	4	4	5	5	4	4	5	4	5	4	4	5	4	2	5	5	2	2	5	4	4	4	5	2	4	5	4	4	1	1	2	2	1	2	2	4	5	5	4	4	4	5	4
60964	3	2	4	4	2	1	2	4	2	4	5	3	5	4	4	1	2	4	2	3	4	5	3	5	3	2	3	2	3	4	4	4	4	3	4	2	4	3	2	4	2	1	5	3	3	2	4	4	4	4	2	4	3	1	3	3	2	4	5	4	4	5	5	3	3	2	4	4	4	2	1	4	4	5	4	4	4	3	5	3	4	1	2	1	2	4	4	5	5	3	4	5	5	4	3	5	5	4	4	5	1	4	5	2	1	4	5	4	3	3	2	5	3	4	3	1	2	2	1	2	2	1	3	3	4	5	4	3	4	5
61110	4	4	5	1	4	4	1	2	2	1	4	5	5	4	2	1	2	1	1	1	4	4	4	5	5	5	4	4	5	4	4	4	4	4	4	1	5	4	1	2	4	5	4	5	4	1	4	4	3	1	5	4	2	3	2	2	2	3	2	3	3	4	4	4	3	3	5	5	2	1	2	2	1	1	2	5	4	3	4	2	1	2	1	1	1	4	4	3	3	2	4	5	4	5	4	4	4	5	5	5	2	5	5	2	3	2	5	4	4	4	3	4	5	4	3	3	2	1	3	5	4	3	3	5	4	5	4	4	4	4
61317	3	2	4	3	4	5	5	5	5	5	3	4	4	3	4	4	4	4	4	4	4	4	4	4	3	4	4	4	5	3	5	4	4	4	5	5	4	4	4	3	3	4	3	3	4	4	4	4	3	4	5	5	4	5	5	5	4	5	4	5	5	5	4	4	3	3	2	2	4	4	5	5	5	5	5	3	4	4	3	4	4	4	4	4	4	3	3	4	4	3	4	4	4	4	3	4	4	4	4	4	5	3	4	4	4	3	3	3	3	3	3	3	4	3	4	5	5	5	5	5	5	5	4	1	5	4	5	4	4	3
61688	4	3	5	3	2	3	2	3	3	2	3	3	4	3	2	3	3	2	3	2	4	3	4	3	5	3	4	3	5	4	5	3	3	4	4	3	5	3	2	1	3	3	5	4	3	2	4	5	3	3	3	2	1	3	2	3	1	3	4	3	3	4	5	4	5	4	3	4	3	2	4	3	3	1	2	4	5	4	4	4	2	3	2	1	2	4	5	3	4	3	4	3	5	4	4	3	4	3	3	3	3	3	3	2	3	4	3	4	3	4	3	3	5	4	4	3	2	4	3	4	2	1	3	5	4	4	5	4	4	3
61796	2	4	3	4	2	2	3	4	2	3	2	4	3	3	4	2	3	4	2	3	3	2	3	4	3	3	3	4	3	4	3	2	4	3	4	3	2	3	2	3	2	4	3	4	3	3	4	2	3	3	4	2	3	3	4	2	2	3	3	4	3	2	3	4	4	3	2	3	2	4	3	4	3	3	4	3	4	3	3	4	3	3	3	2	4	3	4	3	3	2	4	3	3	2	4	3	2	4	4	3	4	3	4	2	3	2	3	3	4	3	4	3	3	4	2	2	3	2	2	3	4	2	3	3	2	3	4	4	3	4
61899	4	1	2	5	5	2	5	5	5	5	5	5	5	5	5	5	5	5	5	5	5	3	4	5	2	4	4	5	2	4	5	5	5	5	5	5	5	5	5	5	5	5	4	4	5	5	5	5	4	5	5	5	5	5	5	5	5	5	5	5	5	5	5	5	5	4	1	1	5	5	2	5	5	5	5	5	5	5	5	5	5	5	5	5	5	4	2	4	5	2	3	4	3	4	4	5	5	5	5	5	5	5	5	5	5	5	5	5	5	5	5	5	5	5	5	5	5	5	5	5	5	5	5	5	5	5	5	5	5	5
62211	4	3	4	2	2	2	2	2	2	3	4	3	4	3	2	2	2	2	2	2	3	4	4	4	3	5	3	4	5	3	4	3	4	3	4	3	4	5	1	3	5	5	5	5	5	1	5	5	5	5	1	1	1	1	1	1	1	5	4	5	3	5	5	5	5	4	3	4	3	2	2	1	2	2	3	4	4	3	4	2	3	1	3	2	2	4	5	3	5	4	3	4	5	4	4	5	4	4	4	5	1	5	4	2	1	4	4	5	4	4	3	4	5	3	4	2	2	2	2	2	1	2	5	4	4	5	3	4	4	3
62789	5	5	5	1	5	5	5	5	5	1	5	5	5	5	5	5	5	5	1	5	4	5	5	5	1	5	5	5	5	5	5	1	4	5	5	1	1	5	1	5	5	2	5	5	5	5	5	5	5	5	5	5	5	5	1	5	5	5	5	5	5	5	5	5	5	4	1	1	1	5	5	5	5	5	5	5	5	5	5	5	5	1	5	1	1	5	3	5	5	5	5	5	5	5	4	4	1	5	5	5	5	5	5	5	5	5	1	5	5	5	5	5	5	5	5	5	5	5	1	1	5	5	5	5	5	4	5	5	5	5
63059	3	3	3	2	2	2	2	2	2	2	4	4	3	4	2	2	2	2	2	2	4	3	4	4	4	4	4	4	4	4	4	3	3	4	3	3	4	3	3	2	3	4	3	3	4	2	4	3	3	4	2	2	2	2	2	2	2	4	4	4	4	4	4	4	3	3	3	4	2	2	2	3	3	3	3	4	4	4	4	3	3	3	3	3	2	4	4	4	4	4	3	4	4	4	3	4	3	4	4	4	2	4	3	3	3	3	4	4	3	3	2	4	4	4	4	3	2	2	2	2	2	2	4	3	3	3	3	4	4	4
63154	4	2	2	4	5	2	5	5	5	4	3	4	4	4	4	5	4	3	3	4	4	3	4	4	4	4	5	5	4	4	4	5	5	5	5	3	5	4	5	4	3	4	4	4	4	4	4	4	3	4	5	5	4	5	5	5	5	4	3	4	4	4	4	4	4	3	3	2	3	2	3	3	2	2	4	3	3	3	4	3	3	3	3	4	3	2	4	4	4	3	4	4	3	3	3	4	3	3	3	3	2	3	3	3	3	3	3	4	4	3	3	3	3	3	4	3	3	3	2	3	2	3	3	3	3	3	4	3	3	3
63550	2	3	1	4	4	4	3	3	5	4	2	3	2	2	3	3	3	5	5	4	2	3	2	2	2	2	2	1	4	2	1	1	2	2	1	5	1	3	5	3	2	3	1	2	3	2	2	1	2	3	3	4	3	3	2	2	4	2	3	4	3	4	5	2	1	2	1	2	4	5	4	5	5	3	3	3	1	1	2	4	4	3	4	4	4	1	2	2	2	2	2	2	2	2	2	2	2	2	2	3	4	2	4	1	1	4	1	2	3	4	2	4	3	3	3	3	2	1	2	2	3	4	5	3	5	5	4	4	4	5
63710	4	5	4	2	2	2	2	1	2	4	4	3	4	4	2	2	2	2	2	2	4	4	4	4	4	4	2	4	4	4	4	5	3	4	4	2	4	4	2	2	4	4	4	2	4	4	2	4	2	4	2	2	2	1	2	2	1	4	5	4	4	2	2	4	4	4	4	4	2	2	3	3	2	3	2	4	4	4	4	2	2	2	2	3	2	4	5	4	4	4	4	4	5	3	4	4	4	4	4	5	2	4	5	2	2	4	4	4	2	4	1	4	2	4	4	2	2	2	2	2	1	2	4	4	4	5	4	4	4	4
63742	4	4	3	3	3	3	3	3	3	3	3	3	3	3	3	3	3	3	3	3	3	3	3	3	3	3	3	3	3	3	3	3	3	3	3	3	3	2	3	3	3	3	3	3	3	3	3	3	3	3	3	3	3	3	3	3	3	3	3	3	3	3	3	3	3	4	2	3	4	3	3	3	4	4	4	4	5	5	2	1	2	3	1	3	3	1	3	3	3	3	3	4	2	5	4	3	5	5	3	4	1	3	4	1	1	5	3	4	5	3	1	5	4	3	5	2	2	2	1	3	2	3	5	5	4	4	4	3	4	3
64428	5	3	3	1	2	3	3	1	2	3	4	4	3	3	3	3	2	3	3	4	3	4	3	5	4	3	5	4	4	3	5	4	4	4	3	2	4	5	1	2	4	5	4	3	4	2	4	4	5	4	3	2	3	2	2	2	3	4	4	3	5	4	5	4	3	4	3	4	3	2	4	2	3	2	1	4	4	3	3	2	2	2	3	2	2	4	4	4	4	4	3	3	2	4	4	1	3	2	4	2	1	2	3	3	3	4	5	3	3	3	2	4	3	4	4	4	2	2	3	3	3	3	4	5	3	3	4	3	4	3
64500	4	3	4	5	2	4	4	5	3	3	4	4	4	3	4	4	4	4	2	4	5	5	5	5	5	5	5	5	5	5	5	5	4	4	5	5	5	5	5	3	5	5	4	5	5	5	5	5	5	5	5	5	5	5	5	5	5	5	5	5	5	5	5	5	5	2	4	3	1	2	4	4	4	2	1	4	4	3	4	4	4	1	4	2	4	3	3	3	4	4	4	3	4	4	2	5	5	4	3	4	2	4	5	2	2	3	4	4	5	5	5	5	5	4	4	5	5	5	2	4	3	3	4	4	4	4	4	4	2	2
64705	5	4	5	3	2	2	3	4	2	2	4	4	5	3	4	2	3	1	2	2	4	4	3	3	4	4	3	4	4	3	3	4	5	5	4	3	4	5	3	2	5	4	4	3	2	2	4	5	3	4	2	2	3	2	2	3	4	4	5	5	3	4	4	5	5	4	5	3	2	1	2	2	3	3	2	5	4	4	5	1	2	3	2	3	4	4	4	4	4	3	4	3	5	4	3	4	4	4	4	3	4	4	4	2	3	5	4	4	5	4	2	4	5	5	4	3	1	2	3	2	1	2	4	4	4	5	4	5	4	4
64748	3	3	3	3	3	3	3	4	3	3	3	3	3	3	3	3	3	3	3	3	3	3	3	3	3	3	3	3	3	3	3	3	3	3	3	3	3	3	3	3	3	3	3	3	3	3	3	3	3	3	3	3	3	3	3	3	3	3	3	3	3	3	3	3	3	3	3	3	3	3	3	2	4	3	4	3	3	3	3	3	3	3	3	3	3	3	3	3	3	3	3	3	3	3	3	3	3	3	3	3	3	3	3	3	3	3	3	3	3	3	3	3	3	3	3	3	3	3	3	3	3	3	3	3	3	3	3	3	3	3
64936	1	3	4	2	5	4	3	4	5	4	4	4	5	3	3	4	3	3	4	3	2	5	1	5	1	4	5	3	1	2	4	1	4	2	4	5	1	5	2	2	3	2	1	4	2	2	2	4	2	3	1	4	4	1	-99	3	3	2	4	3	3	4	3	2	2	1	4	2	1	2	4	3	5	4	1	5	4	2	5	2	5	5	1	4	1	1	1	4	3	3	4	2	1	2	1	5	3	2	4	1	5	4	5	5	3	2	4	2	4	3	5	2	3	2	3	2	1	5	4	3	4	3	1	5	3	3	2	4	4	4
65088	2	2	2	3	3	2	2	3	1	5	3	4	3	3	1	2	3	2	4	3	3	2	5	4	3	3	3	4	4	5	3	5	2	5	4	3	2	4	3	1	3	2	5	3	2	2	5	2	3	1	4	1	3	3	2	1	2	2	5	3	2	4	2	3	5	4	3	3	3	4	3	1	3	2	2	2	3	2	4	1	3	2	4	5	2	2	5	3	4	2	2	3	3	3	5	5	5	4	3	2	4	1	2	1	2	5	4	3	3	5	3	2	4	2	4	4	5	3	2	3	3	1	4	3	2	1	3	5	3	2
65156	5	1	5	2	4	5	5	5	5	5	4	3	5	4	4	5	5	5	3	5	5	4	4	5	5	5	5	5	5	4	5	5	5	5	5	5	4	5	4	3	3	4	4	5	3	1	5	5	5	5	5	5	2	2	5	3	2	5	5	5	5	5	5	5	5	5	1	3	1	4	3	5	5	5	5	4	4	5	3	4	5	5	4	3	5	5	3	4	5	5	5	5	5	5	4	5	5	4	5	5	5	4	5	4	4	3	4	4	5	4	1	4	5	5	5	5	5	3	2	5	3	3	5	5	5	5	5	5	5	5
66290	2	2	2	3	3	1	1	1	5	4	1	3	4	3	5	4	3	5	4	1	1	2	4	1	3	5	3	5	4	5	5	5	3	2	5	5	4	5	1	3	2	5	5	2	1	4	2	4	2	3	1	3	2	1	1	1	2	2	4	2	4	2	3	4	5	3	2	4	4	5	3	2	3	5	5	3	1	3	2	4	5	3	2	4	3	3	2	2	2	1	3	3	5	5	5	2	3	4	1	3	3	2	1	4	1	3	3	3	5	4	4	5	3	2	3	4	3	2	2	3	4	3	1	3	2	4	2	3	2	4
66311	2	2	3	5	3	2	5	5	5	5	3	4	4	2	4	4	4	4	4	4	5	5	4	5	3	4	4	3	5	4	5	4	4	4	4	4	5	5	5	3	3	4	4	4	4	4	5	4	4	4	5	5	4	5	5	5	5	5	2	5	5	4	5	5	5	2	1	2	2	2	2	3	3	3	4	2	2	4	2	3	3	4	4	3	3	5	5	4	4	4	4	4	4	5	4	3	2	3	2	3	2	3	2	2	3	2	3	4	2	3	3	4	3	3	2	2	3	5	4	3	4	2	4	3	4	4	2	4	2	2
66441	3	3	3	2	2	2	2	2	5	2	4	3	4	4	3	2	2	2	3	3	3	3	4	3	4	4	3	4	3	4	4	4	2	2	3	2	3	3	3	3	3	4	4	3	4	3	4	3	4	3	2	2	3	3	3	3	2	4	4	3	3	4	3	4	3	3	3	1	2	3	2	3	2	3	4	3	3	3	3	2	2	2	2	3	3	4	2	5	3	4	3	2	3	3	3	3	3	3	4	4	2	3	4	2	3	3	3	4	3	1	3	3	3	3	4	2	2	2	3	3	3	1	3	4	3	3	3	3	4	3
66491	2	2	4	5	3	5	5	5	5	5	5	5	5	3	5	5	5	5	5	5	5	5	5	5	4	4	5	5	5	4	5	5	5	4	5	4	5	5	5	5	5	5	4	5	5	5	5	5	5	5	5	5	4	5	5	4	4	5	5	5	5	5	5	5	5	2	2	4	2	4	5	5	5	5	5	5	5	5	4	5	5	5	5	4	5	5	3	5	5	4	4	5	5	5	4	5	5	5	5	4	5	5	5	5	5	5	5	4	4	5	5	5	5	4	5	5	5	3	5	5	5	4	5	4	5	5	5	5	5	5
66661	2	3	2	3	4	3	5	4	5	4	1	3	1	3	5	3	5	3	4	3	2	3	1	3	1	3	2	2	2	2	1	3	1	4	2	3	2	3	4	4	2	2	1	3	1	3	2	3	2	3	4	4	4	4	4	3	4	3	2	3	2	3	2	2	3	2	3	1	4	5	4	5	3	5	4	3	4	3	2	3	3	3	3	3	3	3	3	3	3	3	3	3	2	2	2	2	2	2	2	3	3	3	3	3	3	3	3	3	3	3	3	3	3	3	3	3	3	3	3	3	3	3	3	3	3	3	3	4	4	4
66785	4	4	4	3	3	2	2	3	2	3	3	3	4	3	3	4	2	3	3	4	3	4	4	4	4	4	3	4	4	4	5	4	4	3	4	2	4	4	3	3	4	3	4	4	4	4	4	4	3	4	2	2	2	3	2	2	3	4	3	4	4	4	4	3	4	4	3	3	2	3	2	3	3	2	2	4	3	4	3	2	2	3	3	2	3	4	4	3	3	3	4	4	5	5	4	5	4	4	3	4	2	5	5	2	2	4	4	4	4	4	3	4	4	4	4	1	3	2	2	2	1	2	3	4	4	4	4	5	4	4
67594	5	3	4	1	1	2	2	5	2	3	5	4	2	4	1	2	2	1	1	2	4	3	5	4	5	3	4	4	5	3	4	5	5	3	4	3	5	3	2	1	4	4	5	5	4	4	5	5	4	4	1	5	2	1	2	4	2	4	5	3	4	4	5	4	5	4	3	4	1	4	2	1	2	1	2	5	3	5	3	2	4	4	2	3	2	4	3	5	4	4	3	4	5	2	3	2	4	4	4	4	1	4	3	1	2	4	3	4	5	5	3	5	5	3	2	1	5	3	3	2	1	3	4	5	3	2	5	5	4	5
67734	4	5	5	5	5	3	5	5	1	4	5	5	5	5	5	5	2	1	1	5	5	5	5	5	5	4	4	5	5	5	5	5	5	4	4	1	5	5	1	5	5	3	1	5	5	4	5	5	5	5	1	1	1	5	5	5	4	5	5	5	5	5	5	5	5	5	1	5	5	5	3	5	5	1	4	5	5	5	5	5	5	2	5	1	5	5	5	1	5	5	5	5	5	5	5	5	4	5	5	5	1	5	5	4	5	5	5	2	5	5	1	5	5	5	5	4	5	4	4	5	5	5	5	5	5	5	5	5	5	5
68956	2	2	4	4	2	4	4	4	4	4	5	5	5	5	5	5	5	5	5	1	5	5	5	5	5	5	5	5	5	5	5	5	5	5	5	4	5	5	5	5	5	5	5	5	5	5	5	5	5	5	5	5	5	5	5	5	5	5	5	5	5	5	5	5	5	2	4	4	2	2	4	2	4	4	4	4	4	4	4	4	4	4	4	4	2	5	5	5	5	5	5	5	5	5	5	5	5	5	5	5	1	5	5	1	5	5	5	5	5	5	5	5	5	5	5	5	5	5	5	5	5	5	5	5	5	5	5	5	5	5
69002	4	4	4	5	5	5	5	5	5	5	4	4	4	3	4	4	5	5	4	4	4	4	4	4	4	4	4	5	5	3	5	4	5	5	5	4	5	5	5	5	4	3	3	3	3	4	4	5	4	5	4	4	4	4	5	4	3	5	4	5	5	5	5	5	5	4	2	3	5	4	4	4	4	4	4	4	4	4	3	4	4	4	4	4	4	5	4	4	4	4	4	5	5	5	3	5	4	4	4	4	3	4	4	5	5	4	3	2	3	3	4	4	4	4	4	4	5	2	4	4	4	3	5	3	5	5	5	5	5	4
69193	4	2	5	3	4	5	2	2	1	5	3	5	1	4	4	5	5	1	2	4	4	1	2	4	1	2	1	4	5	5	1	5	2	1	4	1	4	5	3	5	5	4	2	5	4	4	3	3	4	5	2	4	1	3	4	2	1	4	2	4	3	2	4	5	4	4	2	5	4	1	4	5	4	2	3	4	5	4	2	5	2	4	1	2	4	5	2	4	5	2	5	2	5	4	2	1	2	4	5	5	2	2	1	2	1	1	2	3	4	5	5	3	4	5	4	5	4	2	1	1	4	3	2	5	2	5	2	5	2	4
69379	4	2	2	5	3	4	5	5	5	5	5	5	5	3	4	4	5	4	3	4	5	3	4	5	4	5	5	5	5	4	5	5	4	5	3	3	4	4	4	4	4	4	5	4	5	4	5	5	3	4	4	5	5	4	5	4	4	4	3	5	5	4	5	4	4	5	1	4	5	2	2	5	5	5	5	5	5	5	4	5	4	5	5	5	5	4	3	5	5	5	5	4	4	5	5	5	5	3	3	2	3	5	3	4	2	5	5	5	5	5	5	5	5	4	5	4	5	5	5	5	5	5	5	4	5	4	3	4	4	4
69804	5	3	3	3	3	2	2	4	5	4	1	1	1	2	4	4	3	3	3	3	3	3	4	4	2	3	3	2	2	2	3	3	3	4	3	2	4	3	3	4	3	3	4	2	3	2	3	2	4	3	2	3	3	3	2	3	3	4	4	3	3	4	3	2	3	5	3	3	3	3	3	2	4	4	3	3	1	3	3	3	3	3	3	3	3	3	3	3	3	3	4	3	2	1	3	3	2	4	3	3	2	3	3	3	3	4	3	3	2	3	2	3	3	3	3	3	3	3	3	3	3	3	3	3	3	3	4	1	3	3
70511	4	3	5	4	1	4	2	4	2	1	3	2	4	5	4	1	3	1	4	1	3	4	2	4	2	4	5	4	2	3	4	4	2	2	4	4	1	1	4	3	3	4	5	2	3	2	2	5	3	2	3	3	4	1	2	2	2	2	4	5	3	4	4	5	3	4	5	3	2	1	1	2	2	3	1	5	3	5	2	3	2	1	3	1	3	4	5	3	4	5	4	3	5	4	5	3	4	4	5	4	1	2	4	4	2	5	4	3	5	4	2	5	4	5	4	3	1	3	2	1	3	3	3	4	5	3	4	2	4	4
70521	4	4	5	2	3	2	1	3	2	1	4	3	4	5	3	2	1	3	2	1	3	4	5	4	3	4	5	4	5	3	4	5	4	3	5	2	3	4	3	2	5	4	4	5	4	3	4	3	4	5	2	3	2	1	2	1	1	4	4	3	5	4	4	4	5	4	4	5	3	2	1	2	1	3	2	5	4	3	4	1	2	3	2	1	2	5	4	4	5	4	4	3	4	4	4	5	3	4	5	4	3	4	3	2	1	4	3	4	5	3	2	5	4	4	5	3	2	1	3	1	2	3	4	5	4	5	4	5	4	3
70552	1	3	3	2	2	2	3	3	3	3	3	2	4	3	3	3	4	2	3	3	3	2	4	3	4	4	3	3	4	3	3	3	4	3	4	2	4	3	3	2	3	4	3	4	4	3	3	3	3	3	2	3	3	2	3	3	3	4	3	4	3	4	3	3	4	2	3	4	3	3	2	1	2	3	4	3	3	4	3	2	3	2	4	2	3	3	3	4	3	4	4	3	2	4	3	3	4	3	4	4	3	3	4	3	3	3	4	3	3	4	3	3	4	3	3	3	3	2	2	3	2	2	3	3	4	4	3	3	3	3
71174	4	4	4	2	3	2	2	2	2	2	4	4	4	5	3	2	2	2	2	2	4	4	5	5	5	5	5	5	5	5	5	5	5	4	5	2	4	5	1	1	5	5	4	4	4	1	5	4	5	5	2	1	1	1	1	1	1	5	5	5	5	5	4	5	5	4	4	5	1	2	2	2	2	2	2	4	4	5	4	2	2	2	1	2	1	4	5	5	5	5	5	4	5	5	4	5	5	5	5	5	1	5	5	1	1	5	5	5	5	5	2	5	5	5	5	1	1	1	1	2	2	1	5	5	5	4	3	3	3	4
71207	4	4	3	2	2	2	2	3	2	5	3	4	4	4	3	3	2	2	3	4	4	4	4	5	5	5	5	5	5	4	5	5	5	5	5	1	5	5	1	1	5	5	4	5	5	2	-99	5	4	5	1	1	2	2	2	2	2	4	4	5	5	5	5	5	5	4	4	3	2	2	1	2	4	3	4	2	2	4	3	4	3	2	2	2	2	4	3	4	4	4	4	5	5	5	5	5	5	4	5	5	1	5	5	1	1	4	4	5	4	5	1	5	5	5	5	1	1	1	1	2	2	1	4	4	4	4	4	4	5	4
71298	4	2	5	5	5	5	5	5	5	5	4	4	4	4	4	4	3	4	4	4	5	3	4	4	4	4	5	5	5	5	5	1	5	5	5	4	5	5	5	5	1	5	3	3	3	3	1	1	-99	5	1	5	5	5	3	3	3	3	3	4	5	5	5	5	5	4	4	5	4	4	4	5	5	5	5	4	4	4	4	4	4	3	4	4	4	4	4	4	4	4	5	5	5	5	5	5	1	5	5	5	2	5	5	4	4	2	4	4	3	3	3	2	4	4	5	4	5	4	5	3	2	3	4	4	4	5	5	5	5	5
71924	3	2	2	2	2	2	4	4	5	5	3	3	3	4	4	4	4	3	3	2	5	4	5	5	4	4	5	5	5	5	5	5	5	4	5	2	4	4	5	4	4	4	4	4	3	4	4	3	4	4	3	5	4	5	5	5	5	4	4	4	5	5	5	5	3	2	2	1	5	3	1	5	4	5	5	3	4	4	4	5	5	5	4	4	5	5	5	5	5	4	5	5	5	5	5	5	5	5	4	4	2	5	5	5	4	2	5	4	5	5	5	4	3	5	5	5	4	3	3	5	4	2	5	4	5	5	5	5	5	5
72017	4	4	4	2	2	4	2	3	2	4	4	4	4	5	4	3	4	1	2	2	4	2	3	2	3	4	3	3	3	3	4	2	3	4	3	5	4	3	3	3	4	2	3	4	3	2	4	3	3	3	4	4	2	-99	2	2	1	3	3	2	4	3	3	3	2	3	3	3	2	3	4	3	3	4	3	3	4	2	3	4	1	1	1	2	3	4	4	3	3	3	3	3	5	4	4	3	3	2	4	1	3	4	2	4	3	2	3	1	3	3	2	2	3	2	5	3	3	3	3	3	4	3	3	3	3	3	3	4	3	4
72110	4	3	3	3	2	2	4	4	3	2	4	4	3	4	3	2	2	2	2	2	3	4	4	2	3	4	4	3	4	4	5	3	4	3	3	3	3	4	2	3	3	4	3	2	2	3	3	4	4	3	3	2	3	3	2	2	3	3	4	3	4	4	4	3	3	4	3	4	4	2	1	4	3	2	2	3	3	3	4	2	3	3	1	2	3	5	4	3	4	4	3	4	5	4	4	3	3	4	3	4	2	3	3	3	2	3	4	3	4	4	3	4	4	3	4	2	3	2	2	3	3	3	3	3	4	4	2	4	3	3
72323	3	2	3	4	3	4	4	4	2	4	3	2	3	3	4	4	3	3	2	4	3	2	3	3	2	3	3	4	2	4	3	3	4	2	4	3	4	3	2	4	4	3	3	4	2	2	2	3	3	3	4	3	3	3	2	3	4	2	4	3	4	2	3	4	2	3	4	2	2	4	2	5	2	3	4	3	3	2	4	4	4	3	3	2	3	4	2	3	4	3	4	3	4	2	3	3	4	3	3	3	3	3	2	3	1	3	2	4	3	4	4	3	3	3	2	3	4	2	3	3	5	2	3	3	3	4	1	3	3	2
72370	3	2	2	4	5	5	5	5	5	5	4	5	5	4	5	5	5	5	5	5	5	4	5	5	4	5	5	4	5	4	5	5	4	5	5	4	5	5	5	5	4	5	2	5	5	1	5	4	4	5	5	5	5	5	5	5	5	5	5	5	5	5	5	5	5	4	1	1	5	5	5	5	5	5	4	3	4	5	1	5	4	5	3	5	5	5	3	2	4	4	4	4	4	5	2	4	3	4	4	2	3	3	4	4	4	1	3	3	4	2	2	3	2	3	3	2	2	2	2	4	4	2	3	3	4	4	3	4	3	3
73369	4	3	3	4	5	4	5	5	5	5	3	4	4	3	4	4	4	3	3	5	5	4	4	4	4	4	4	4	5	4	5	5	5	4	4	4	5	5	4	4	3	3	3	4	3	3	3	4	3	4	5	5	5	5	5	5	4	4	3	4	5	4	4	4	5	2	4	2	4	4	4	4	4	5	5	4	4	4	2	4	4	4	4	3	4	4	4	5	4	4	5	5	5	5	5	5	5	5	5	5	4	5	5	5	4	3	4	4	4	4	4	2	4	4	4	5	5	5	5	5	5	5	5	5	5	5	5	5	5	5
73881	4	4	3	2	4	4	4	4	4	4	4	4	4	3	4	4	3	2	2	4	4	4	2	3	4	4	4	4	5	5	5	4	4	5	4	2	4	4	3	4	3	4	4	2	4	4	4	4	2	4	4	4	4	4	5	4	4	4	4	4	4	4	4	4	4	3	2	4	2	2	4	4	4	4	4	4	4	4	3	3	4	3	2	2	4	3	3	2	2	3	3	3	3	3	4	4	3	4	3	4	2	3	3	2	2	3	3	2	4	3	2	4	3	3	4	2	4	4	4	3	4	3	4	4	4	3	4	3	5	4
74369	5	1	1	5	5	1	5	5	5	5	5	5	5	5	1	5	5	5	5	5	1	5	5	5	5	5	5	5	5	5	5	5	4	5	5	1	5	5	5	5	5	2	5	5	5	5	5	5	5	5	1	5	5	5	5	5	1	5	5	5	5	5	5	5	5	5	1	5	5	5	1	5	5	5	5	5	5	5	5	5	5	5	5	5	5	5	5	5	5	5	5	5	5	5	5	5	5	5	5	5	5	5	5	5	5	5	5	5	5	5	1	5	5	5	5	1	5	1	5	1	5	5	5	5	5	5	5	5	5	5
74501	5	5	5	1	2	4	5	5	5	4	5	5	5	5	3	5	1	4	5	5	5	5	5	5	5	5	5	5	5	2	5	5	5	5	5	5	5	5	5	4	5	5	5	5	5	5	5	5	5	5	1	5	4	5	5	5	1	5	4	5	5	5	5	5	5	4	2	4	1	1	3	5	5	5	5	5	5	5	4	1	5	1	4	4	4	5	5	5	5	5	5	5	5	5	3	5	5	5	5	5	4	5	5	4	5	5	5	5	5	5	5	5	5	5	5	1	1	1	1	1	5	5	5	4	5	5	5	5	5	5
74533	2	4	2	5	2	3	1	5	2	3	2	4	3	4	1	3	4	1	3	1	3	5	3	5	2	5	3	5	4	5	2	3	5	2	5	4	5	2	1	3	-99	4	2	5	3	4	5	2	5	4	3	3	4	1	4	2	4	5	3	2	5	2	5	2	5	2	4	2	4	4	3	1	2	5	2	3	4	3	1	1	2	3	4	2	4	4	5	4	5	3	2	4	2	5	3	2	3	2	4	2	1	3	2	2	3	1	4	3	2	3	1	2	5	4	2	1	5	3	1	2	3	4	4	5	3	2	5	4	3	5
74824	5	4	5	4	5	2	5	5	5	5	5	5	5	4	5	4	4	5	4	4	5	5	5	5	5	5	5	5	5	4	5	5	5	3	5	4	5	5	5	4	5	4	3	5	2	1	5	5	2	5	5	5	4	5	4	5	5	5	4	5	5	5	5	4	5	2	2	2	4	5	5	5	4	4	2	4	4	5	4	3	4	4	5	2	5	5	2	5	5	4	5	4	4	5	4	4	4	4	3	4	5	5	4	2	5	5	4	5	5	4	4	3	4	3	5	5	5	5	4	3	4	2	5	4	5	4	5	5	5	4
74924	4	5	5	2	1	5	3	5	4	5	5	5	4	4	2	2	2	2	3	2	4	3	3	2	3	2	3	4	4	3	4	3	2	3	2	3	5	4	3	4	4	5	4	3	4	1	3	2	4	4	3	2	3	3	3	3	2	1	1	2	4	4	4	4	2	4	4	4	4	4	4	3	4	4	3	4	4	4	4	4	5	4	4	2	4	5	5	4	4	4	4	4	5	4	4	4	4	4	5	5	1	5	5	4	4	4	4	4	4	4	4	4	4	4	4	2	2	2	2	2	2	2	4	4	4	4	4	4	4	5
75331	4	2	2	4	4	2	4	4	4	4	5	5	5	5	4	4	4	4	4	4	5	5	5	5	5	5	5	5	5	5	5	5	5	5	5	1	5	5	4	4	2	2	3	2	5	4	5	5	5	4	2	4	4	4	4	3	4	5	5	5	5	5	5	5	5	3	4	2	4	2	4	4	5	5	4	4	4	4	4	4	4	4	4	4	4	4	4	4	4	4	4	4	4	4	4	4	2	4	4	4	2	4	5	4	5	1	5	4	5	4	4	5	5	5	5	1	4	4	4	5	4	4	5	4	5	5	5	5	5	5
76261	5	1	4	4	3	4	5	5	4	3	4	4	2	2	2	3	2	5	3	4	4	3	4	4	4	4	4	4	4	3	4	3	3	5	4	3	3	3	2	2	3	3	3	3	3	3	3	2	2	4	4	5	4	2	3	4	2	3	-99	3	3	2	4	2	4	4	2	4	2	5	4	4	4	5	4	5	5	5	1	4	5	2	5	3	4	4	5	4	5	4	5	4	5	3	5	5	4	4	4	5	3	4	4	4	5	4	4	4	4	4	4	4	4	4	4	4	5	4	4	5	4	3	4	5	5	5	4	3	4	4
76785	3	4	3	4	3	3	4	2	2	3	3	4	3	3	2	2	1	1	2	3	3	4	4	3	4	4	4	3	4	3	4	3	4	4	3	3	3	4	3	3	4	4	4	4	4	3	4	3	4	4	-99	2	2	2	2	2	2	4	4	4	3	4	4	4	4	3	3	4	2	2	2	3	3	2	2	4	2	4	4	2	2	3	2	2	3	4	3	3	4	2	2	3	3	4	3	3	3	4	3	3	3	3	3	3	3	3	4	3	4	3	2	4	4	4	3	2	3	2	3	2	2	3	3	3	3	3	3	3	4	3
76791	4	2	4	3	4	5	4	5	3	3	4	4	4	5	5	4	4	5	4	2	5	5	4	4	5	4	5	4	5	3	5	4	4	5	4	4	4	5	5	5	3	4	5	4	4	5	4	5	4	5	5	5	4	4	5	4	3	4	4	4	5	4	4	5	5	4	2	3	5	4	4	5	5	4	4	4	5	4	2	4	5	4	4	2	4	5	5	4	5	4	5	4	4	4	5	4	3	4	5	4	5	4	5	5	3	3	4	4	5	5	5	4	4	4	5	5	4	4	5	4	4	5	4	5	5	4	4	5	4	5
77288	4	2	2	2	4	4	4	4	4	4	2	3	4	2	3	4	4	3	4	4	5	5	5	5	5	5	5	5	5	5	5	5	5	5	5	4	5	5	4	5	5	5	5	5	5	5	5	5	5	5	1	5	5	5	5	5	5	5	5	5	5	5	5	5	5	3	2	3	3	4	4	4	4	4	4	5	5	5	3	3	4	4	4	3	4	5	5	5	5	5	5	5	5	5	5	5	5	5	5	5	3	5	5	1	4	5	5	5	5	5	4	5	5	5	5	1	4	4	4	5	5	5	5	5	5	5	5	5	5	5
77441	4	4	5	2	4	3	2	3	2	3	3	4	5	3	1	5	5	4	3	3	3	4	2	3	4	4	5	4	2	3	4	5	3	2	3	3	3	2	2	1	3	2	1	3	4	2	3	4	3	2	3	2	3	2	3	2	4	3	4	3	5	3	3	2	2	2	3	3	3	4	2	3	4	4	3	3	4	3	4	3	2	3	4	4	3	2	4	3	4	3	3	5	4	3	4	3	2	4	4	4	1	4	3	2	3	2	4	4	5	2	3	4	2	3	4	3	3	4	2	1	3	3	4	3	2	5	2	3	4	2
77464	4	3	5	5	5	5	5	5	5	4	4	4	5	2	5	5	1	4	2	4	4	4	4	5	4	5	5	5	4	4	5	5	4	5	5	4	5	5	5	5	4	4	4	2	2	3	4	3	4	4	4	4	4	2	5	2	2	4	4	4	4	5	5	5	5	4	4	4	5	5	4	5	5	5	4	4	4	5	3	5	4	4	3	3	3	4	5	4	5	5	5	5	5	5	5	2	2	2	5	3	1	2	4	4	4	2	4	5	5	5	1	5	5	5	4	5	5	5	4	4	5	2	4	4	5	5	5	5	5	5
78236	5	1	4	5	5	5	5	5	5	1	5	5	5	3	5	2	5	3	4	5	5	5	5	5	5	5	5	5	5	5	5	4	5	5	5	5	5	5	5	5	3	5	4	4	4	4	5	4	3	5	5	5	5	5	5	2	2	5	3	5	5	5	5	5	5	5	3	5	3	4	5	5	5	5	1	5	5	5	2	5	1	5	4	5	5	5	5	5	5	5	5	5	5	5	5	5	5	5	5	5	5	5	5	5	5	3	5	3	4	4	4	2	4	3	5	1	1	1	4	5	1	2	5	4	5	5	5	4	5	5
78759	4	4	3	2	2	2	2	3	2	2	4	4	3	3	2	2	2	2	2	2	3	4	4	4	3	5	3	4	5	5	3	4	4	4	4	3	4	5	2	2	5	4	5	4	5	2	4	5	5	5	1	1	1	1	2	2	2	3	4	4	4	4	4	4	4	4	3	3	2	2	3	3	3	4	2	4	4	4	4	3	2	2	2	2	3	4	4	4	4	4	3	4	4	3	4	4	5	5	5	4	1	4	5	1	2	5	5	4	5	4	1	4	5	5	5	1	1	1	1	1	1	2	5	4	5	5	5	4	5	5
79261	4	4	5	3	2	3	1	2	2	2	4	4	4	2	2	2	2	2	2	4	2	5	4	4	3	3	3	2	2	1	2	2	2	3	4	3	2	3	5	3	1	1	1	1	3	5	2	3	3	2	3	-99	5	3	2	4	-99	3	3	2	2	2	2	2	2	3	4	4	4	4	4	3	3	2	2	4	2	2	3	2	2	4	4	3	2	5	5	3	2	5	2	5	2	5	5	4	4	5	5	4	2	4	1	1	1	3	4	4	5	5	2	2	4	5	5	3	2	2	3	3	3	3	4	3	3	3	3	5	5	4
79610	2	1	5	5	3	2	5	5	5	5	5	5	5	3	4	5	5	1	3	5	5	4	5	5	5	5	5	5	5	5	5	5	5	5	5	4	5	5	5	4	5	5	4	5	5	5	5	5	3	5	5	1	5	5	5	5	5	5	5	5	5	5	5	5	5	2	2	2	5	2	2	4	5	5	5	5	5	5	2	4	5	5	3	2	5	5	5	4	5	5	5	5	5	5	2	5	5	5	5	5	3	5	5	5	4	5	5	5	5	5	5	5	5	5	5	5	5	5	2	5	4	5	5	4	5	5	5	5	5	5
79984	3	4	5	3	3	3	3	3	2	3	4	4	4	2	3	2	3	3	3	1	3	3	2	4	3	3	3	2	2	3	3	2	3	5	3	2	4	4	2	4	1	2	4	2	4	3	4	5	3	2	1	3	4	3	2	2	3	3	2	5	2	4	3	5	2	3	4	3	3	3	3	2	3	3	1	3	3	4	2	2	4	5	3	4	2	3	3	5	3	4	5	4	3	3	2	3	3	5	3	2	2	5	4	4	1	4	4	2	4	4	1	1	2	4	2	2	2	3	1	2	4	4	5	3	2	3	1	4	2	4
80544	2	4	4	4	4	3	4	5	5	5	5	5	5	4	5	5	5	5	4	5	5	5	5	5	5	5	5	5	5	4	5	5	5	5	5	4	5	5	5	5	5	5	5	5	4	5	5	5	5	5	5	5	5	5	5	5	5	5	5	5	5	5	5	5	5	2	4	4	4	4	4	5	5	5	5	5	5	5	4	5	5	5	5	4	5	5	4	5	5	5	5	5	5	5	4	5	5	5	4	5	4	5	5	5	4	4	4	5	5	3	5	5	5	5	5	5	5	5	5	5	5	5	5	3	5	5	5	5	5	5
80598	4	4	3	3	2	2	3	3	5	3	5	5	5	5	4	3	4	2	1	4	4	4	5	5	4	4	3	5	4	4	4	3	4	4	5	3	3	4	2	1	5	4	4	3	3	2	5	3	4	4	2	2	2	3	2	4	2	4	2	3	3	4	3	3	2	3	3	5	3	4	3	2	4	3	2	3	4	3	5	3	4	2	2	1	4	4	4	2	2	5	3	5	4	3	3	4	4	5	3	5	1	3	4	2	1	3	4	3	4	3	1	3	3	3	4	2	3	4	3	2	1	2	4	3	3	3	5	2	2	4
80735	4	5	5	5	5	5	5	5	5	5	4	4	4	4	5	5	5	5	3	5	5	4	4	4	4	4	4	4	5	3	5	1	4	5	4	4	5	5	5	4	3	4	4	4	5	1	5	5	4	4	5	5	4	4	3	4	3	5	4	4	5	5	5	5	5	4	4	5	5	5	5	5	5	5	5	5	5	5	4	5	5	5	5	3	4	4	5	3	3	3	3	4	3	4	3	5	1	3	5	5	4	5	5	5	5	3	3	2	4	4	2	3	5	4	4	3	5	4	2	3	3	4	5	3	5	4	4	5	5	5
81276	4	3	4	2	3	3	2	3	2	2	3	3	4	4	2	3	2	3	3	3	4	3	4	3	3	3	4	3	4	4	3	3	5	4	4	3	4	4	3	3	4	3	3	4	3	2	4	3	4	3	2	2	3	3	2	2	3	4	3	4	3	4	3	2	4	4	3	2	4	2	3	3	2	3	2	3	4	3	4	4	3	2	2	3	4	3	4	4	3	4	3	5	3	4	3	4	3	4	3	3	2	3	4	3	2	4	1	2	2	4	3	4	3	4	4	3	1	3	3	2	3	2	3	4	3	3	3	4	3	3
81426	2	2	2	5	4	4	5	5	5	5	5	5	5	4	5	4	5	5	2	4	4	5	5	5	4	5	5	5	5	5	5	5	5	5	5	5	5	5	5	5	4	4	4	4	4	2	4	5	5	5	4	5	5	5	4	5	5	5	2	4	5	5	5	5	5	2	2	2	4	5	4	5	5	5	5	5	5	5	4	5	4	5	5	2	4	5	5	4	5	2	5	2	5	5	5	5	5	5	5	5	5	5	5	5	5	4	5	4	4	4	2	4	5	5	5	4	5	4	5	2	5	5	5	2	5	5	5	5	5	5
81609	4	4	3	2	2	1	1	2	2	2	3	4	4	4	2	2	2	2	1	3	4	3	4	4	4	3	4	4	4	3	4	4	4	4	4	2	5	4	2	1	4	4	4	4	4	3	4	5	5	4	2	2	2	2	2	1	2	4	3	4	3	4	4	4	4	4	5	4	2	1	3	2	1	2	2	4	5	4	4	2	1	2	2	1	2	4	4	3	4	4	5	4	4	5	3	4	4	4	5	5	2	4	4	1	2	5	4	4	4	4	2	4	4	4	5	2	2	2	2	2	2	2	4	4	4	4	4	4	5	4
81726	5	3	3	2	2	1	3	3	2	2	4	3	4	2	2	5	2	4	2	3	4	2	2	3	1	2	5	2	4	1	4	2	4	1	2	1	2	4	4	3	4	2	4	1	5	2	5	5	3	2	3	1	3	3	2	1	4	4	5	4	5	3	3	3	3	5	1	5	5	3	1	5	2	5	2	5	3	5	1	1	5	5	1	5	5	1	1	1	1	4	3	4	1	5	4	3	5	4	3	4	4	4	2	3	4	4	1	4	1	2	2	1	5	3	1	5	1	5	1	4	1	3	4	5	1	5	1	5	1	4
81810	5	4	3	1	2	3	1	2	3	1	4	3	5	4	3	3	1	2	3	1	2	4	3	5	4	3	5	4	3	5	4	3	5	4	3	1	4	3	1	2	3	5	4	3	5	2	3	5	4	3	1	2	3	1	2	3	1	4	3	5	4	3	5	4	3	5	4	3	1	2	3	1	2	3	1	4	3	5	3	2	1	2	3	1	2	3	5	4	3	5	4	3	5	4	3	5	4	3	5	4	3	5	4	3	2	3	2	3	5	5	3	2	2	3	4	1	2	3	1	2	3	1	4	3	5	4	3	5	4	3
81924	4	4	2	4	4	3	4	4	4	4	3	3	4	4	3	4	4	4	4	4	4	4	3	3	3	3	3	3	4	4	4	4	2	4	4	3	4	4	3	3	4	4	4	4	4	2	4	4	4	4	4	4	4	4	4	4	4	4	4	3	4	4	4	3	4	2	3	3	3	2	2	5	5	5	5	3	4	4	4	5	5	5	5	4	4	4	4	4	4	4	2	2	3	4	4	5	5	3	3	4	3	4	5	3	3	3	4	4	4	4	4	4	4	4	4	2	4	4	4	4	4	4	4	4	4	4	4	4	4	4
81936	2	1	2	4	4	5	5	5	5	5	4	4	5	4	5	5	5	5	5	5	5	3	4	5	4	4	5	4	5	4	5	4	4	4	5	5	5	5	5	4	4	4	4	4	4	5	5	5	4	5	5	5	5	5	5	5	5	5	5	5	5	5	5	5	5	1	1	1	1	1	3	2	4	4	5	3	4	2	2	3	2	4	2	4	4	5	5	4	5	5	5	5	5	5	5	4	3	4	2	3	5	5	5	2	1	4	5	5	5	5	5	4	3	5	5	5	5	5	5	5	5	5	5	5	5	4	5	5	5	5
82249	1	1	3	4	4	3	4	4	3	4	4	4	4	3	3	4	3	4	2	2	5	4	4	5	3	4	5	5	5	5	5	4	4	4	3	4	3	5	5	4	4	5	5	4	4	5	5	5	4	5	5	5	5	5	5	5	3	5	4	5	5	4	4	3	5	1	3	2	3	3	3	4	4	4	2	3	3	4	3	4	2	3	3	2	1	5	3	4	4	4	5	5	3	4	5	4	3	4	4	4	4	3	4	4	3	3	4	5	5	5	5	5	5	4	4	5	5	5	5	5	5	5	5	4	5	5	4	4	3	4
82770	4	4	4	2	3	2	2	2	2	2	4	4	4	3	1	5	3	4	3	3	4	4	4	3	3	4	3	3	1	5	5	3	3	4	4	2	4	5	2	2	4	5	3	4	4	3	5	2	4	4	3	2	2	2	3	3	2	3	4	4	3	4	3	3	4	3	3	4	2	1	4	2	3	1	3	3	3	3	3	1	2	2	2	4	3	5	4	3	4	3	3	2	4	2	3	4	3	4	2	4	3	5	4	3	2	5	3	3	3	4	3	4	3	4	4	3	3	3	2	4	3	2	2	4	4	4	4	3	4	4
82791	4	1	2	1	2	2	4	2	1	3	5	1	4	4	4	2	3	5	4	1	5	1	2	5	4	4	3	4	5	5	3	3	5	2	2	3	1	3	1	1	3	4	2	1	4	5	1	5	5	1	3	2	4	2	2	1	1	5	5	5	5	5	5	5	5	4	4	4	2	2	2	2	2	2	2	4	4	4	4	2	2	2	2	2	2	4	4	4	4	4	4	4	5	5	5	5	5	5	5	5	1	5	5	1	1	5	5	5	5	5	1	5	5	5	5	1	1	1	1	1	1	1	5	5	5	5	5	5	5	5
83188	3	2	4	4	4	2	4	4	4	4	4	4	4	4	4	4	4	4	4	4	5	2	4	3	4	4	3	3	4	4	5	5	4	5	4	3	5	4	4	4	3	3	3	3	3	3	4	3	2	4	4	5	3	4	3	4	4	4	3	3	4	4	4	4	4	3	3	1	3	2	2	2	3	2	3	3	4	3	4	2	3	3	4	4	4	4	3	4	4	3	3	3	5	3	5	4	3	3	4	4	3	4	3	5	4	4	3	3	3	4	2	4	3	3	3	2	2	3	3	4	4	3	3	3	3	4	3	4	3	3
83330	4	5	3	2	1	2	1	2	2	1	2	3	4	2	1	1	1	4	1	2	3	5	4	5	4	3	5	4	5	4	4	5	5	3	5	2	5	4	2	1	3	4	5	4	3	1	4	5	3	5	2	2	1	2	1	2	2	5	4	5	3	4	5	5	4	4	5	3	2	2	1	2	3	2	3	2	3	5	4	1	2	1	3	3	2	5	4	5	4	5	5	4	5	4	4	5	4	5	4	4	3	4	5	2	1	4	5	3	5	4	3	4	5	3	5	2	1	1	2	3	2	1	4	5	5	4	5	3	4	5
83637	3	2	4	2	2	2	1	2	1	3	5	4	4	3	2	3	2	2	2	3	3	3	4	3	3	4	4	4	3	4	3	4	4	5	4	2	4	5	3	2	5	5	4	3	5	2	3	4	4	3	2	1	3	2	2	2	2	5	4	4	3	4	3	4	4	4	5	2	4	2	3	2	3	1	1	4	3	5	4	2	2	3	3	2	3	5	4	4	5	5	5	4	5	4	4	5	5	5	4	3	2	4	5	1	2	4	5	4	5	5	2	4	4	4	4	3	3	1	3	3	2	2	5	4	4	4	4	3	4	3
83643	5	4	4	5	5	5	5	5	5	5	5	5	5	4	5	5	5	5	5	5	4	4	4	4	4	5	5	4	5	4	5	5	5	4	5	5	5	5	5	5	5	4	4	4	4	5	5	5	4	5	4	5	5	5	5	5	5	5	4	5	5	5	5	5	5	2	2	2	4	4	4	5	5	5	5	4	4	4	4	5	5	5	5	5	5	5	4	4	5	4	5	5	5	5	4	4	4	5	4	4	5	4	4	5	5	4	5	4	4	4	5	5	5	4	5	1	5	4	5	5	5	3	5	4	5	5	5	5	5	5
84010	2	1	1	3	4	4	5	5	5	5	4	2	5	4	5	4	4	4	2	5	5	2	4	5	3	5	5	4	2	4	5	4	4	5	2	5	4	3	5	4	4	5	5	5	4	4	3	2	3	2	3	3	4	5	5	5	4	4	3	5	5	5	3	5	5	3	3	2	4	4	5	5	5	5	5	5	5	5	5	5	5	2	5	3	5	5	3	3	5	3	5	5	3	5	1	5	5	3	5	2	5	5	5	5	5	5	5	5	5	5	5	5	5	3	5	5	5	5	5	5	5	5	5	5	4	2	5	2	5	2
84366	3	4	2	2	4	5	5	5	5	5	3	4	5	4	5	4	4	4	4	5	5	5	5	5	5	4	4	5	5	5	5	5	5	5	5	4	5	5	5	5	4	4	4	5	5	5	2	4	4	5	4	5	4	4	5	4	4	5	5	5	5	5	5	5	5	4	4	4	2	1	5	5	5	5	4	3	4	4	4	4	5	3	4	4	4	4	4	4	5	5	5	5	5	5	5	5	5	5	5	4	2	4	4	5	5	4	4	4	4	4	5	3	4	4	5	5	5	5	5	4	4	3	5	4	4	5	4	5	5	4
84402	3	3	4	2	3	3	5	5	5	5	3	3	5	3	2	3	3	3	3	2	5	4	4	5	4	4	5	5	5	3	5	4	4	4	5	2	3	5	5	3	3	4	3	3	4	5	4	3	3	4	5	5	5	5	5	5	5	5	4	5	5	5	5	5	3	4	4	4	3	5	4	5	5	5	5	3	3	5	3	1	3	3	3	3	2	5	3	4	5	4	5	5	5	4	4	4	4	4	4	4	3	4	5	5	4	3	3	3	3	3	3	3	3	3	3	5	5	5	5	5	5	5	5	4	4	5	5	5	5	3
84671	3	4	2	2	3	2	4	3	2	2	2	4	2	4	3	5	2	1	3	4	4	3	4	2	4	3	4	2	4	3	4	4	2	4	4	4	4	3	2	3	4	2	5	3	4	4	4	5	2	3	2	4	4	2	3	2	5	4	3	4	5	1	4	2	4	3	2	4	4	3	2	2	3	4	1	3	4	3	2	3	2	3	2	4	2	3	5	3	4	3	2	4	4	3	4	2	4	2	3	4	3	2	4	4	2	3	4	2	4	3	4	4	2	4	3	2	4	2	3	4	2	4	4	2	4	4	2	4	3	4
84895	4	3	4	2	2	2	2	2	2	2	4	4	4	4	3	2	2	2	2	2	4	4	4	4	4	4	4	4	4	4	4	4	4	4	4	2	4	4	2	2	4	4	4	4	4	2	5	5	5	5	1	1	2	2	2	2	2	4	4	4	4	4	5	5	5	1	1	3	3	2	5	5	2	4	4	4	4	4	4	2	2	4	2	4	3	3	1	5	5	4	5	5	5	4	4	4	4	4	4	4	2	4	4	2	2	4	4	4	4	4	2	4	4	4	4	2	2	2	2	4	2	2	3	4	4	4	4	4	4	4
85216	2	2	3	5	2	4	3	5	2	4	4	2	3	2	4	3	4	3	2	2	4	1	2	1	3	4	2	2	3	1	4	3	4	5	4	5	4	2	5	2	4	3	2	3	4	3	1	2	1	2	3	4	3	2	2	5	4	3	5	4	1	1	2	3	4	2	3	3	3	4	2	3	2	1	2	4	3	1	2	4	3	5	2	4	3	4	4	4	4	3	5	3	2	2	4	5	4	3	4	2	5	1	1	5	4	4	3	4	4	5	1	3	3	2	2	4	2	4	5	4	5	5	2	3	4	3	3	4	2	3
85423	5	1	1	5	5	5	5	5	5	5	5	5	5	5	5	5	5	5	5	5	5	5	5	5	5	5	5	5	5	5	5	5	5	5	5	5	5	5	5	5	5	5	5	5	5	5	5	5	3	5	5	5	3	5	5	5	5	5	5	5	5	5	5	5	3	5	1	1	5	5	5	5	5	5	5	5	5	5	5	5	5	5	5	5	5	5	5	5	5	5	5	5	5	5	5	5	5	5	5	5	3	5	5	5	5	5	3	5	5	5	5	5	5	5	5	5	5	5	5	5	5	5	5	5	5	5	5	5	5	3
85437	5	4	5	5	5	5	5	5	5	5	4	5	2	4	5	5	5	4	4	4	5	4	4	5	4	5	5	5	5	4	5	5	5	4	5	4	5	5	4	3	4	4	4	5	4	4	5	5	4	5	5	5	5	5	5	5	5	5	5	5	5	5	4	4	4	2	2	4	4	4	5	5	5	5	5	3	4	4	2	4	4	4	3	4	3	4	5	4	4	4	5	4	5	5	5	4	2	4	2	4	2	4	5	4	2	2	4	4	4	3	4	4	4	5	4	5	4	5	4	5	5	4	2	2	2	2	2	4	2	4
85474	4	5	4	1	2	1	1	2	2	1	4	5	5	4	2	2	1	2	2	1	4	4	4	5	4	5	4	5	5	5	5	4	5	4	5	1	5	5	2	1	4	5	5	4	5	1	4	4	5	5	2	2	2	1	2	2	2	5	4	5	5	5	4	5	5	4	5	4	1	1	2	2	2	2	1	5	4	4	5	1	2	1	2	1	1	5	4	5	5	5	4	4	5	4	5	5	4	5	5	5	1	4	4	2	1	5	5	5	5	4	2	5	4	5	5	2	1	2	2	1	1	2	5	4	4	4	4	4	4	4
85511	4	2	4	2	3	4	5	5	5	5	4	4	4	2	5	4	4	3	4	4	5	5	5	5	5	5	5	5	5	5	5	5	5	5	5	5	5	4	5	4	5	5	5	5	4	1	4	5	5	5	4	4	4	5	4	4	4	5	2	4	5	5	5	5	5	4	4	4	2	2	4	5	5	5	5	4	4	4	4	4	3	5	5	4	4	2	4	3	3	4	5	4	5	4	4	4	4	5	4	5	5	4	5	5	4	5	5	5	5	5	1	4	5	5	5	5	5	5	5	5	5	4	5	4	2	3	5	5	5	5
86496	2	4	4	2	4	2	5	5	3	5	4	5	4	4	5	4	4	5	2	4	5	4	5	5	4	5	5	5	5	5	4	5	5	4	5	4	5	5	5	5	5	5	5	5	5	5	5	5	4	5	5	5	5	5	5	5	5	5	5	5	5	5	5	5	5	2	4	4	3	5	2	5	5	3	5	4	4	4	4	5	4	5	5	2	4	5	5	5	5	5	5	5	5	5	5	4	5	5	4	5	3	5	5	5	5	5	5	5	5	5	5	5	5	5	5	5	5	5	5	5	4	5	5	5	5	5	5	5	5	5
86873	4	4	4	2	3	2	2	4	4	4	2	3	4	3	2	2	2	3	2	2	3	2	3	4	3	4	3	4	3	3	3	2	3	4	4	3	3	3	2	2	4	4	3	3	4	3	4	2	2	2	3	4	3	2	3	2	3	2	4	3	4	2	4	3	4	4	3	4	2	3	2	4	4	4	4	3	4	3	2	3	4	2	3	4	2	2	3	3	3	4	4	2	3	4	3	4	2	3	4	3	2	3	4	4	3	2	4	3	4	4	3	2	4	4	3	2	4	2	4	2	3	3	4	3	4	3	4	3	2	4
87451	3	3	4	4	5	3	5	5	5	5	3	4	4	3	3	4	4	3	3	3	5	5	4	5	4	5	5	5	5	5	5	5	5	4	5	5	5	5	5	5	3	4	3	4	4	4	4	4	4	4	4	5	5	5	5	5	5	5	5	5	5	5	5	5	5	2	1	3	3	4	3	4	4	5	5	3	3	5	3	4	3	5	3	3	3	5	5	5	5	5	5	5	5	5	5	3	5	5	5	5	4	5	5	5	5	3	5	5	4	5	4	4	4	4	4	5	5	5	5	5	5	5	5	5	5	5	5	5	5	5
87904	4	4	3	3	3	3	3	4	4	4	3	3	3	4	3	3	3	3	3	3	3	3	5	5	4	4	3	5	5	3	5	3	3	3	3	2	3	3	3	4	5	3	3	4	4	3	3	3	3	4	3	3	3	3	5	3	3	3	3	4	5	4	4	4	5	3	3	3	3	3	3	4	5	4	4	3	3	2	3	3	4	3	3	3	3	3	3	4	4	4	4	4	3	3	3	5	4	4	3	3	4	4	3	3	4	5	4	4	3	4	3	3	3	3	3	3	3	3	3	5	3	3	3	3	4	4	4	4	4	5
88316	2	2	2	4	5	3	4	5	5	5	4	3	4	4	4	4	5	5	4	4	2	4	4	3	5	4	4	4	5	5	4	4	5	5	4	4	5	4	4	4	5	5	5	3	3	4	4	5	4	4	4	4	4	4	5	4	3	5	4	5	5	5	4	4	4	3	3	2	4	5	2	4	5	5	5	4	5	4	4	4	5	5	4	5	4	5	5	4	5	5	5	5	5	5	5	5	5	5	5	4	4	4	4	4	5	5	4	4	4	5	1	4	5	5	5	5	5	5	5	5	5	5	5	3	5	5	5	4	4	4
88337	4	5	4	1	2	1	2	1	2	1	4	5	4	5	2	1	2	1	2	1	4	5	4	5	4	5	4	5	4	5	4	5	4	5	5	2	5	4	1	2	5	4	5	4	5	2	5	4	5	4	1	2	1	1	2	1	2	5	4	5	4	5	4	5	4	4	5	4	1	2	1	2	1	2	1	4	5	4	5	2	1	2	1	2	1	4	5	4	5	4	5	4	5	4	5	4	5	4	5	4	1	4	5	2	1	4	5	4	5	4	1	4	5	5	4	1	1	2	2	1	2	1	4	5	4	5	4	5	4	5
88672	3	2	3	4	3	4	4	4	3	2	2	2	4	2	3	3	2	3	3	2	2	3	3	3	2	3	2	4	4	3	3	3	3	4	2	4	3	2	3	4	2	3	3	2	2	4	2	2	2	2	4	3	3	3	4	3	4	3	3	3	2	3	2	3	3	4	3	3	2	3	3	4	3	4	4	3	2	3	3	3	2	2	3	2	3	2	3	3	4	3	3	4	4	2	2	2	2	2	2	3	4	2	3	4	4	2	2	3	3	2	3	3	2	3	2	3	4	3	3	4	3	3	2	3	3	2	3	2	3	3
89365	4	3	4	3	2	2	2	5	2	2	5	4	4	3	2	2	2	2	3	4	1	4	3	4	4	3	4	4	3	4	4	3	3	4	3	2	3	5	3	2	3	4	4	3	4	2	2	4	3	4	2	2	2	2	2	3	3	4	4	4	4	3	2	4	4	3	4	3	4	2	2	2	2	2	2	3	4	3	3	2	3	2	5	2	3	4	3	3	4	3	4	4	3	4	3	4	4	4	5	3	2	3	4	3	2	3	4	3	4	4	3	4	3	4	4	4	2	3	3	2	2	2	3	3	4	3	4	4	3	4
89425	4	4	2	2	4	2	4	4	2	2	4	4	5	4	4	5	2	1	2	4	5	4	4	4	4	5	5	5	5	5	5	5	5	5	4	4	4	4	4	4	4	4	4	5	4	4	4	4	4	5	5	4	2	4	4	4	2	4	4	4	4	4	5	4	4	5	4	2	4	2	2	4	4	4	4	4	5	5	1	4	5	1	5	2	4	5	4	4	5	5	5	5	5	5	5	5	5	4	5	4	2	4	5	4	5	4	4	5	5	5	4	4	5	4	4	4	5	4	4	2	4	2	4	5	5	4	5	5	5	5
89482	4	3	4	3	2	3	2	3	2	3	4	3	4	3	2	1	2	3	1	3	4	3	4	3	5	5	4	3	3	4	5	3	4	3	4	1	4	3	2	3	4	3	4	3	4	2	3	3	4	3	2	3	2	1	2	3	1	4	3	4	5	3	4	3	4	4	3	4	3	2	1	2	3	2	3	5	4	3	4	3	1	3	2	1	3	3	5	4	3	5	4	5	3	4	5	3	4	5	3	4	3	4	3	2	3	4	3	3	4	3	2	3	4	5	3	2	1	3	2	3	3	2	5	4	3	4	4	5	3	4
89594	4	4	2	3	2	4	3	5	3	2	4	4	4	2	3	3	4	3	2	3	4	4	3	4	3	3	4	3	3	4	3	4	4	3	4	2	4	4	3	2	2	3	4	2	3	2	4	3	4	3	2	3	4	3	2	3	3	3	4	4	3	3	4	3	-99	3	3	3	4	3	2	4	3	2	3	3	4	3	3	2	3	3	2	3	3	4	4	3	4	4	4	4	4	4	4	3	4	4	4	4	2	4	4	2	3	4	4	4	4	3	3	4	4	4	4	2	2	3	2	4	2	2	3	3	4	4	4	3	3	4
89877	3	4	3	3	2	3	3	3	2	4	4	2	4	4	3	2	2	4	2	3	4	3	4	3	4	3	4	2	3	4	3	4	2	3	3	3	4	3	3	2	3	3	4	2	4	3	4	4	4	4	3	3	3	2	2	3	3	4	3	4	3	5	2	4	3	4	2	2	2	4	3	3	4	3	2	2	4	3	3	4	3	3	3	2	3	4	3	4	3	3	3	3	4	3	3	4	3	4	3	4	4	3	4	3	2	3	4	4	3	5	3	3	4	3	3	3	2	1	2	3	2	2	3	3	3	1	3	3	4	2
89955	4	2	4	4	4	4	4	4	4	4	4	4	4	4	4	4	4	4	4	4	5	5	5	5	5	5	5	5	5	5	5	5	5	5	5	1	5	5	5	5	1	1	1	1	1	5	5	5	5	5	1	5	5	5	5	5	5	5	5	5	5	5	5	5	5	2	4	4	2	4	2	4	4	4	4	4	4	4	2	4	4	4	4	4	4	2	5	5	5	5	5	4	5	5	4	5	5	5	5	5	4	5	5	5	4	2	2	2	2	2	4	5	5	4	4	2	4	2	5	4	5	4	5	5	5	5	5	5	5	5
90639	4	5	5	2	2	3	2	3	1	1	3	3	3	4	2	2	3	1	2	2	3	4	4	4	4	3	4	3	4	3	3	4	4	4	5	1	3	3	1	2	4	5	5	4	3	2	4	3	4	3	1	1	3	3	3	3	3	4	5	4	4	4	3	4	5	4	5	5	2	2	2	3	3	2	1	5	4	4	4	3	3	2	3	1	3	3	4	5	5	4	4	5	4	4	5	5	5	5	4	4	2	5	5	2	2	5	3	3	5	4	3	4	4	5	4	1	1	2	3	3	1	1	4	4	5	4	4	5	4	4
90656	4	3	4	2	3	4	4	2	2	2	3	4	5	5	1	2	2	1	2	2	5	5	5	5	4	5	5	5	4	5	4	4	3	4	4	3	4	4	1	1	4	3	5	3	3	2	5	4	5	5	2	1	2	2	1	1	1	4	3	4	5	5	4	5	4	1	2	3	5	5	4	5	4	5	5	1	2	1	1	5	2	2	4	4	5	4	4	3	5	1	3	4	5	4	4	5	5	4	4	5	1	4	5	2	2	4	5	5	5	4	2	4	4	5	5	1	2	1	2	3	1	2	5	3	4	2	3	4	4	4
90848	5	1	1	5	5	5	5	5	5	5	5	4	4	4	2	5	5	5	5	4	5	5	1	5	4	5	5	5	5	5	5	5	5	5	5	4	5	4	5	5	5	5	4	4	5	1	5	5	5	5	4	5	5	5	5	5	1	5	5	4	5	5	5	5	5	4	2	2	4	5	5	5	5	5	5	4	4	5	4	5	5	5	5	4	4	4	5	4	4	2	5	4	5	4	4	5	5	5	5	5	5	5	5	5	5	1	4	5	4	5	5	5	5	5	4	2	1	4	5	4	5	4	5	5	5	5	5	4	5	5
91303	4	3	4	4	2	4	2	2	2	3	4	4	5	4	2	2	3	1	1	4	2	4	4	3	5	4	4	4	4	3	5	3	4	3	3	2	4	3	2	2	4	4	4	3	3	2	4	4	4	3	2	2	3	2	2	2	3	4	4	4	4	5	5	4	4	4	4	4	2	3	2	2	2	1	4	4	4	4	4	2	2	2	3	2	2	3	4	4	4	4	4	3	4	4	3	2	3	3	4	4	2	4	4	3	3	4	3	4	4	4	2	4	3	4	3	2	2	2	1	1	3	2	4	5	3	4	5	3	5	3
91319	3	5	3	5	5	5	5	5	5	5	4	4	4	3	3	3	5	5	5	3	5	5	5	5	5	5	5	5	5	5	5	5	5	4	4	5	5	3	5	4	3	5	5	5	5	5	5	5	4	5	5	5	5	5	5	5	3	5	5	5	5	5	5	5	5	3	5	5	5	5	5	4	5	5	5	1	1	4	3	3	3	5	3	3	2	5	5	5	5	5	4	5	5	5	5	5	5	5	4	3	5	5	3	3	3	3	4	4	4	4	4	4	4	3	5	2	3	4	4	2	4	2	3	3	3	3	4	4	4	3
91356	5	2	4	5	5	5	5	5	5	5	5	5	5	3	5	5	5	5	5	5	5	5	3	4	4	4	4	4	5	4	5	5	4	4	5	5	5	5	5	5	5	5	3	3	3	5	5	5	4	5	4	5	5	5	5	5	5	5	5	5	5	5	5	5	5	5	2	4	5	5	5	5	5	5	5	3	3	4	3	3	5	5	5	5	5	2	5	2	1	2	5	5	5	5	1	5	5	2	4	4	2	4	2	5	5	2	4	3	4	4	5	4	4	3	5	5	4	5	5	5	4	5	5	4	5	4	4	5	4	4
91414	3	4	4	2	3	3	3	2	3	2	4	4	4	4	3	2	2	2	2	2	4	1	3	3	3	4	4	1	3	2	4	3	4	3	4	2	1	4	4	2	-99	5	4	2	5	2	3	2	2	2	3	2	2	3	2	2	2	3	3	2	3	4	5	5	4	3	4	4	3	4	3	2	2	3	3	2	4	2	3	5	2	3	2	5	3	2	4	2	3	2	4	2	3	3	4	2	5	2	3	2	2	2	3	5	3	3	4	2	4	5	4	3	3	4	3	2	4	2	4	2	4	2	2	4	3	4	3	4	2	4
91459	4	2	4	3	4	4	4	5	5	5	3	3	4	4	4	4	4	4	4	4	5	2	2	5	5	3	4	5	5	3	5	3	4	4	4	3	2	5	4	4	4	4	4	4	3	4	4	5	3	4	4	5	5	4	5	5	5	1	1	5	5	5	4	4	4	2	2	4	3	3	4	5	5	5	5	3	3	5	5	4	4	4	4	4	4	5	2	4	4	4	4	4	4	4	4	4	2	5	5	5	2	4	4	2	4	4	4	2	3	3	4	2	4	4	4	2	5	4	5	5	5	5	4	3	4	5	5	5	4	5
91909	4	2	2	2	4	4	4	4	4	4	2	2	4	4	4	4	2	4	2	4	4	1	4	3	3	5	5	5	5	2	5	5	5	5	5	1	5	5	3	1	1	5	3	4	-99	5	5	5	5	-99	2	1	1	4	4	4	3	5	5	5	5	5	5	5	1	4	2	2	2	4	4	4	4	4	4	2	2	4	4	4	4	2	4	2	4	5	5	5	4	5	5	5	5	5	2	5	5	4	5	5	1	5	5	4	4	4	5	4	4	5	4	5	5	4	5	4	1	1	4	4	2	4	5	5	5	5	5	5	5	2
92098	4	4	2	3	3	3	4	3	2	3	3	3	3	3	3	3	3	3	4	4	2	3	3	3	3	2	5	1	2	3	2	2	5	1	2	3	3	3	3	3	4	3	3	3	3	3	3	3	3	2	3	4	3	3	3	2	3	2	2	2	4	3	3	3	3	2	3	1	4	4	3	2	4	4	3	4	3	2	2	3	3	4	3	3	3	2	2	3	2	3	2	3	2	3	2	3	2	3	2	2	3	2	3	3	4	3	2	3	2	2	3	1	3	2	2	3	4	3	4	3	3	4	2	3	3	2	3	2	2	3
92323	4	4	3	3	3	4	4	5	4	4	3	1	4	2	3	2	3	4	2	5	4	3	2	4	5	3	2	2	5	2	4	2	3	4	2	4	4	4	4	3	1	5	3	2	1	3	4	1	4	2	5	3	4	3	5	2	3	2	3	1	3	1	5	2	3	2	2	3	3	2	4	2	3	3	1	2	5	2	3	4	1	4	5	5	3	1	3	2	1	4	3	3	4	2	2	4	4	3	3	2	3	4	3	1	2	2	2	2	4	4	3	2	4	4	2	2	5	2	1	3	1	4	4	2	4	1	3	2	4	2
92727	3	3	3	3	3	3	3	3	3	3	3	3	3	3	3	3	3	2	3	3	3	2	3	3	3	3	3	3	3	3	3	3	3	3	3	3	3	3	3	4	3	3	3	3	3	3	3	3	3	3	3	3	3	3	3	3	3	3	3	3	3	3	3	3	3	4	4	3	2	2	2	2	2	3	3	3	4	4	3	3	3	3	3	3	3	3	3	3	3	3	3	3	3	3	2	3	3	3	3	3	3	3	2	3	3	3	3	3	2	3	4	3	3	3	3	3	3	3	3	3	4	3	3	3	3	3	4	4	4	2
93173	2	4	5	4	3	2	3	2	4	1	3	4	4	3	3	2	4	3	2	3	4	3	4	3	3	3	2	4	3	4	4	2	3	3	4	3	3	3	2	3	3	2	3	3	4	3	4	3	4	3	2	3	2	4	2	-99	2	4	3	4	4	3	4	3	2	4	1	3	4	3	3	3	4	3	3	3	1	3	3	2	5	4	4	2	2	3	3	4	4	3	2	3	4	3	4	5	3	4	3	3	2	3	3	2	1	4	3	3	4	3	2	4	3	5	3	2	2	3	3	2	1	3	2	4	3	4	3	4	3	4
93692	5	4	3	2	2	2	3	5	2	3	3	4	4	3	3	3	2	2	2	3	4	4	4	4	4	4	4	4	4	4	4	4	4	4	4	2	4	3	2	2	4	3	4	3	4	2	4	4	4	4	2	2	2	2	2	2	2	4	4	4	3	4	4	4	4	4	4	4	2	2	2	2	2	2	2	4	4	4	4	2	2	2	2	2	2	3	4	4	4	4	4	4	4	4	5	4	4	4	4	4	2	4	4	3	2	4	3	4	4	3	2	4	4	4	4	2	2	2	2	2	2	2	4	4	3	4	4	4	4	4
94141	4	3	4	2	1	1	1	1	2	1	4	4	5	4	1	2	1	2	1	2	4	4	5	4	5	4	5	4	5	5	4	5	4	5	5	2	5	4	2	1	5	4	5	5	4	1	4	5	4	5	2	1	2	2	1	2	1	4	5	4	4	5	3	4	4	3	3	2	2	2	3	4	4	2	4	1	1	1	2	5	5	4	4	5	4	4	4	5	4	4	4	4	5	4	4	5	5	4	5	4	2	4	4	2	4	2	4	2	2	4	4	4	3	2	4	2	2	2	3	4	2	2	4	2	2	4	4	4	4	4
94278	4	3	5	3	2	3	3	2	1	4	3	4	2	3	2	1	3	3	3	2	5	3	4	4	3	2	4	4	4	3	5	3	4	3	4	1	3	5	3	4	1	5	3	3	4	1	2	1	3	3	4	2	2	1	2	1	5	5	4	4	4	2	4	5	2	4	5	3	3	2	3	2	2	3	1	3	4	3	4	2	1	3	4	1	3	3	2	2	3	4	3	2	4	3	4	5	5	3	2	4	1	3	5	3	2	3	4	3	5	3	2	3	4	3	2	2	1	2	3	2	3	2	3	4	4	4	3	3	4	5
95846	3	4	4	3	2	2	3	2	3	2	4	4	3	2	2	2	3	3	2	3	3	3	2	4	2	2	4	3	2	4	3	3	4	3	4	3	4	1	2	4	2	3	3	4	4	2	3	4	3	3	3	3	3	4	5	3	3	3	4	3	4	4	2	3	3	4	4	3	3	3	2	3	4	5	5	4	4	2	4	3	3	3	4	2	4	3	2	2	3	2	3	3	3	2	3	2	4	3	2	3	4	3	3	4	4	3	3	3	3	2	3	4	2	2	3	2	2	2	3	3	4	3	4	3	3	2	4	3	2	3
96298	3	4	4	2	4	5	5	3	5	5	4	3	4	2	2	4	5	4	2	3	4	4	4	4	4	4	4	4	3	4	4	4	4	4	3	3	5	4	5	3	5	1	1	1	1	1	3	1	2	1	5	4	5	5	5	5	2	5	1	5	5	5	5	3	4	3	5	5	2	4	5	5	5	5	5	3	3	4	2	4	4	5	3	2	3	5	3	1	3	5	4	5	5	4	5	4	4	4	4	5	3	5	4	5	3	4	3	3	2	1	3	4	2	2	3	4	5	5	5	5	5	5	5	4	5	5	4	4	4	5
96894	3	3	4	3	3	3	3	3	3	3	3	3	3	3	3	3	3	3	2	3	3	4	3	3	4	3	3	4	3	3	3	4	3	3	3	2	3	3	2	3	3	3	3	4	3	3	3	3	4	3	2	3	3	2	3	3	2	4	3	3	3	4	3	3	3	3	3	4	3	3	2	3	3	3	3	3	3	3	3	3	3	3	3	3	3	3	4	3	3	4	4	3	3	4	3	3	4	3	4	4	3	3	3	2	2	3	3	3	4	4	3	3	4	3	3	2	3	3	3	2	3	2	3	3	4	3	4	4	3	3
97169	4	3	3	3	4	3	3	5	5	5	1	1	2	2	4	5	5	4	4	4	2	4	4	4	4	4	4	4	4	3	4	4	4	4	4	2	4	4	2	2	4	2	3	4	3	3	1	4	3	4	4	5	3	-99	5	5	5	1	1	1	1	1	4	4	4	4	3	3	4	4	2	4	5	5	5	4	4	4	1	3	3	2	2	3	5	3	4	4	4	4	4	4	4	4	4	5	4	4	4	4	2	3	4	4	4	2	4	4	4	4	2	4	4	2	4	2	5	3	4	3	4	2	3	3	4	4	4	4	3	4
97551	4	2	4	3	2	2	1	3	2	4	2	3	3	3	2	2	3	2	3	2	5	4	5	3	3	3	5	3	3	2	4	5	4	3	4	2	5	4	3	3	5	3	4	3	5	2	3	3	4	5	3	2	2	1	3	2	2	3	4	3	5	3	4	4	2	3	3	2	2	2	1	2	4	2	3	4	4	5	3	3	2	1	3	1	3	4	4	4	3	4	4	5	3	4	4	5	5	4	3	4	3	4	4	2	2	4	4	3	4	4	2	3	5	4	3	2	2	2	4	2	2	3	4	5	5	4	3	4	3	3
97740	2	1	2	3	5	4	4	5	5	5	5	5	5	5	5	5	5	5	4	5	5	4	5	5	4	4	4	4	4	4	5	4	4	4	4	2	5	4	2	3	4	5	5	5	5	4	5	4	4	4	5	5	5	5	5	5	5	4	5	5	5	5	5	5	4	3	4	4	5	5	5	5	5	5	5	5	5	5	5	4	4	4	1	3	4	4	4	4	5	4	5	5	5	5	5	5	5	5	5	5	1	5	4	4	5	4	5	5	5	4	5	5	4	5	4	2	5	4	5	4	2	4	4	5	5	5	5	4	4	4
98255	1	1	1	2	2	2	3	5	5	5	1	1	1	1	5	5	5	5	5	5	5	5	5	5	5	5	5	5	5	5	5	5	5	5	5	1	5	5	1	1	5	5	5	5	5	1	5	5	5	5	1	5	5	5	5	5	5	5	1	5	5	5	5	5	5	1	5	5	1	1	1	5	5	5	5	1	1	1	1	5	5	1	1	1	5	5	5	5	5	5	5	5	5	5	5	5	5	5	5	5	1	5	5	5	5	3	1	5	5	5	5	5	5	5	5	1	5	5	5	5	5	5	5	5	5	5	5	5	5	5
98284	4	4	4	1	2	2	2	2	1	2	5	4	5	4	2	2	2	2	2	2	4	3	4	5	3	4	5	4	3	3	4	4	4	4	4	2	4	5	2	2	3	5	5	3	5	3	4	4	-99	3	2	2	1	3	2	1	2	4	4	3	3	4	4	4	5	4	4	5	2	3	1	2	2	1	1	4	4	4	4	2	3	2	2	2	2	4	4	4	3	4	5	4	5	4	4	4	4	4	4	4	2	4	4	3	3	4	4	4	4	4	2	4	4	4	5	2	1	1	1	2	2	2	5	4	4	4	4	4	5	4
98324	5	5	4	3	3	2	2	4	2	3	2	2	4	2	2	2	2	2	2	2	4	4	4	5	5	5	5	5	5	5	3	4	4	4	4	2	4	5	2	2	4	5	5	5	5	5	5	5	4	5	5	5	5	5	5	5	5	5	5	5	5	5	5	5	5	4	2	2	4	3	2	3	4	2	3	2	2	4	2	2	2	2	2	2	2	4	4	4	5	5	5	5	5	5	5	3	4	4	3	4	3	4	5	4	3	4	5	5	5	5	5	5	5	4	5	5	5	5	5	4	3	4	5	5	5	5	5	5	5	5
98830	3	3	4	3	2	2	2	2	3	3	3	3	3	3	3	3	2	2	2	3	4	4	4	4	4	4	5	5	3	4	3	4	4	4	4	2	2	4	2	2	3	3	3	4	4	2	3	4	4	4	2	3	3	3	3	2	2	4	4	4	4	4	4	4	3	4	3	4	2	3	2	3	2	3	2	4	3	4	4	1	3	3	2	2	2	3	3	3	3	3	4	4	4	4	3	4	4	3	3	3	3	4	3	3	2	4	3	4	3	3	3	4	2	3	3	3	3	4	3	3	3	3	3	3	3	3	3	4	2	3
99199	2	2	3	4	3	2	5	5	5	5	3	3	4	1	3	3	3	4	2	4	3	4	4	4	4	4	3	4	4	3	4	4	4	4	4	3	4	4	4	4	5	5	4	4	4	5	4	4	3	4	4	3	4	5	5	4	3	3	4	4	4	4	4	4	4	2	2	3	3	4	2	5	5	5	5	4	4	4	3	3	2	3	4	3	3	4	4	4	4	3	4	4	4	4	4	3	4	4	4	4	3	4	4	5	5	5	5	5	4	4	5	5	5	3	4	4	5	5	5	5	5	2	5	5	5	5	5	5	4	4
99607	3	3	4	1	5	3	3	3	3	3	4	5	5	3	3	4	3	4	2	4	5	3	4	5	5	5	5	5	5	3	5	5	5	5	5	3	5	5	5	3	3	4	3	5	5	5	3	5	4	5	4	5	4	4	1	5	4	5	4	4	5	5	5	5	5	4	3	4	2	5	3	3	5	4	4	5	5	3	4	5	5	3	5	5	4	5	3	5	5	4	5	5	5	5	4	5	5	5	5	5	3	5	5	5	3	3	4	3	5	5	5	3	5	4	5	5	5	3	5	2	5	3	5	4	5	5	5	5	5	5
99974	5	1	5	1	1	1	1	5	5	3	5	3	5	4	1	5	1	5	1	5	5	5	5	4	5	4	5	5	5	1	5	5	5	5	5	1	3	5	1	5	5	5	3	3	5	5	5	5	5	4	3	1	1	1	2	1	2	5	4	5	3	4	5	3	5	5	1	1	1	2	1	4	5	1	4	1	2	5	4	5	2	3	5	2	5	5	5	4	5	4	5	4	5	5	1	5	5	5	5	5	1	5	5	1	5	3	5	5	5	5	5	5	4	5	5	1	1	2	1	2	1	2	5	2	5	5	5	5	5	3
