     0.965      1.476      0.924      1.114      0.962      1.371      1.155 10190      0.000      0.000      0.000      1.000      4.000
     0.091      0.241     -1.070     -1.219     -1.094      0.232     -1.157 10310      1.000      0.000      0.000      0.000      1.000
    -0.318     -0.260     -0.475     -0.349      0.179     -0.875     -0.217 10441      0.000      0.000      1.000      0.000      3.000
    -0.293     -0.336     -0.368     -0.365     -0.371     -0.815     -0.417 10994      0.006      0.000      0.994      0.000      3.000
    -0.519     -0.688     -0.311     -0.261     -0.081     -1.093     -0.276 11035      0.000      0.000      1.000      0.000      3.000
     0.986      1.493      0.877      0.990      0.931      1.629      1.098 11280      0.000      0.000      0.000      1.000      4.000
     0.161      0.068      0.744      0.773      0.645      0.548      0.867 11316      0.000      0.921      0.000      0.079      2.000
     0.865      1.118      0.537      0.720      0.184      1.164      0.752 11413      0.000      0.007      0.000      0.993      4.000
     0.972      1.384      0.867      1.042      0.921      1.606      1.120 11547      0.000      0.000      0.000      1.000      4.000
     0.670      0.871      0.914      0.951      0.818      1.469      1.036 11824      0.000      0.000      0.000      1.000      4.000
    -1.123     -1.814      0.336      0.240      0.312     -1.538      0.347 12671      0.000      1.000      0.000      0.000      2.000
     0.739      1.062      0.949      1.027      0.980      1.486      1.100 13023      0.000      0.000      0.000      1.000      4.000
    -0.753     -1.119      0.065     -0.016      0.192     -1.044      0.026 13042      0.000      0.016      0.984      0.000      3.000
    -0.885     -1.355      0.363      0.303      0.496     -1.397      0.456 13532      0.000      1.000      0.000      0.000      2.000
    -0.133     -0.320     -0.437     -0.646     -0.898      0.114     -0.631 13618      1.000      0.000      0.000      0.000      1.000
    -0.163     -0.173      0.372      0.756      0.837     -1.363      0.870 13763      0.000      1.000      0.000      0.000      2.000
     0.635      1.002     -1.736     -1.833     -1.868      1.091     -2.048 14086      1.000      0.000      0.000      0.000      1.000
    -0.376     -0.549     -0.313     -0.285      0.014     -0.674     -0.160 14230      0.000      0.000      1.000      0.000      3.000
     0.762      1.020      0.896      0.986      0.721      1.384      1.031 14961      0.000      0.000      0.000      1.000      4.000
    -0.128     -0.260      0.755      0.835      0.629     -0.330      0.852 15110      0.000      1.000      0.000      0.000      2.000
     0.438      0.508      0.674      0.717      0.694      1.072      0.783 15183      0.000      0.009      0.000      0.991      4.000
    -0.183     -0.237     -0.824     -0.942     -0.811     -0.153     -1.005 15344      1.000      0.000      0.000      0.000      1.000
    -0.408     -0.713      0.157      0.291      0.151     -1.000      0.277 16022      0.000      0.985      0.015      0.000      2.000
     0.730      1.087      0.552      0.642      0.474      1.185      0.659 16308      0.000      0.032      0.000      0.968      4.000
    -1.053     -1.579      0.285      0.117      0.489     -1.409      0.304 16728      0.000      1.000      0.000      0.000      2.000
     1.067      1.611      0.607      0.877      0.798      1.480      0.973 16730      0.000      0.000      0.000      1.000      4.000
    -0.476     -0.383     -0.271     -0.381     -0.003     -0.859     -0.419 16765      0.000      0.000      1.000      0.000      3.000
    -0.033     -0.084     -1.013     -1.148     -0.948      0.320     -1.188 17075      1.000      0.000      0.000      0.000      1.000
     0.726      1.098      0.267      0.374      0.314      1.248      0.179 17145      0.000      1.000      0.000      0.000      2.000
    -0.695     -0.983      0.071      0.019      0.203     -1.025     -0.064 17216      0.000      0.005      0.995      0.000      3.000
     0.592      0.831      0.633      0.635      0.539      1.149      0.760 17732      0.000      0.006      0.000      0.994      4.000
    -0.411     -0.502     -0.116     -0.110      0.045     -0.779     -0.214 18057      0.000      0.000      1.000      0.000      3.000
     0.320      0.673     -1.239     -1.172     -0.907      0.418     -1.358 18368      1.000      0.000      0.000      0.000      1.000
     0.607      0.784      0.914      0.955      0.877      1.423      1.037 18507      0.000      0.000      0.000      1.000      4.000
    -0.212     -0.208     -1.052     -1.217     -1.235     -0.725     -1.124 18764      1.000      0.000      0.000      0.000      1.000
     0.652      0.967      0.019      0.072     -0.015      0.966      0.089 19090      0.000      1.000      0.000      0.000      2.000
    -0.153     -0.157     -0.824     -0.929     -0.761     -0.142     -0.990 19143      1.000      0.000      0.000      0.000      1.000
    -0.354     -0.539     -0.601     -0.480     -0.226     -0.770     -0.330 19288      0.014      0.000      0.986      0.000      3.000
     0.480      0.571      0.643      0.668      0.504      1.012      0.803 19343      0.000      0.019      0.000      0.981      4.000
    -0.225     -0.256     -0.405     -0.334     -0.253     -0.684     -0.474 20609      0.017      0.000      0.983      0.000      3.000
    -0.304     -0.402     -1.003     -1.098     -0.111      0.302     -0.728 20618      1.000      0.000      0.000      0.000      1.000
     0.146      0.249     -0.774     -0.771     -0.591      0.153     -0.650 20775      1.000      0.000      0.000      0.000      1.000
    -0.231     -0.393      0.203      0.294      0.021     -0.728      0.135 20920      0.000      0.971      0.029      0.000      2.000
    -0.287     -0.140     -0.454     -0.462      0.150     -0.600     -0.406 21576      0.016      0.000      0.984      0.000      3.000
    -0.885     -1.412      0.389      0.303      0.275     -1.254      0.251 21659      0.000      1.000      0.000      0.000      2.000
    -0.489     -0.671      0.071      0.115      0.120     -1.174      0.042 21735      0.000      0.041      0.959      0.000      3.000
     0.004      0.322     -0.246     -0.074      0.196     -0.847      0.025 21747      0.013      0.177      0.810      0.000      3.000
     0.059      0.284      0.756      1.042      0.980     -0.913      1.052 21990      0.000      1.000      0.000      0.000      2.000
     0.667      0.998      0.718      0.942      0.431      0.316      0.926 22036      0.000      0.001      0.000      0.999      4.000
     0.814      1.173     -0.564     -0.436     -0.705      0.911     -0.255 22095      1.000      0.000      0.000      0.000      1.000
    -0.174     -0.194     -0.746     -0.814     -0.670     -0.176     -0.925 22120      1.000      0.000      0.000      0.000      1.000
    -1.031     -1.594      0.626      0.579      0.641     -1.544      0.560 22193      0.000      1.000      0.000      0.000      2.000
    -0.254     -0.214     -0.719     -0.821     -1.052     -0.654     -1.238 22649      1.000      0.000      0.000      0.000      1.000
    -0.267     -0.303     -0.439     -0.553     -0.493     -0.587     -0.538 22856      0.732      0.000      0.268      0.000      1.000
    -0.062     -0.036     -0.644     -0.659     -0.341     -0.053     -0.468 23159      1.000      0.000      0.000      0.000      1.000
    -0.483     -0.838     -0.725     -1.160     -1.285      0.119     -1.407 23171      1.000      0.000      0.000      0.000      1.000
    -0.553     -0.768     -0.400     -0.425     -0.158     -0.742     -0.398 23359      0.000      0.000      1.000      0.000      3.000
    -0.168     -0.147     -0.545     -0.614     -0.623     -0.396     -0.791 23362      1.000      0.000      0.000      0.000      1.000
    -0.490     -0.653     -0.376     -0.389     -0.277     -0.840     -0.597 23429      0.001      0.000      0.999      0.000      3.000
    -0.012     -0.072     -0.832     -1.005     -0.914      0.451     -1.045 23804      1.000      0.000      0.000      0.000      1.000
    -0.134     -0.119     -0.355     -0.354     -0.251     -0.421     -0.364 24448      0.143      0.000      0.857      0.000      3.000
    -0.612     -0.897      0.256      0.202      0.301     -1.046      0.362 24789      0.000      0.999      0.001      0.000      2.000
    -0.068     -0.020      0.335      0.374      0.476     -0.099      0.333 24859      0.000      1.000      0.000      0.000      2.000
     0.169      0.412     -0.343     -0.324     -0.176     -0.006     -0.222 24861      1.000      0.000      0.000      0.000      1.000
    -0.153     -0.157     -0.824     -0.929     -0.761     -0.142     -0.990 25110      1.000      0.000      0.000      0.000      1.000
     0.822      0.962      0.532      0.623     -0.271      1.159      0.534 25276      0.000      0.998      0.000      0.002      2.000
    -0.853     -1.257      0.202      0.123      0.387     -1.195      0.111 25441      0.000      0.992      0.008      0.000      2.000
    -0.411     -0.436     -1.035     -0.906     -0.563     -1.218     -0.793 25519      1.000      0.000      0.000      0.000      1.000
     1.003      1.426      0.671      0.832      0.450      1.501      0.871 26090      0.000      0.000      0.000      1.000      4.000
     0.679      0.992      0.787      0.891      0.604      0.984      0.893 26114      0.000      0.000      0.000      1.000      4.000
    -0.169     -0.057     -0.878     -0.866     -0.666     -0.498     -0.984 26386      1.000      0.000      0.000      0.000      1.000
     0.904      1.136      0.654      0.737      0.135      1.430      0.776 26831      0.000      0.001      0.000      0.999      4.000
     0.339      0.367      0.353      0.215      0.367      1.278      0.336 27371      0.000      1.000      0.000      0.000      2.000
     0.143      0.314     -1.551     -1.787     -1.538      0.612     -1.842 27745      1.000      0.000      0.000      0.000      1.000
     0.103      0.377      0.238      0.375      0.388     -0.425      0.226 28065      0.000      1.000      0.000      0.000      2.000
     0.957      1.434      0.671      0.836      0.527      1.206      0.909 28920      0.000      0.000      0.000      1.000      4.000
     0.355      0.537      0.379      0.436      0.501      0.598      0.641 29297      0.000      1.000      0.000      0.000      2.000
    -0.524     -0.776      0.033      0.050      0.026     -1.109     -0.032 29910      0.000      0.001      0.999      0.000      3.000
    -0.080      0.194     -1.085     -1.013     -0.689     -0.474     -1.277 30740      1.000      0.000      0.000      0.000      1.000
    -0.894     -1.233      0.524      0.502      0.759     -1.610      0.604 30876      0.000      1.000      0.000      0.000      2.000
    -0.346     -0.580     -0.582     -0.872     -0.542      0.146     -0.745 31452      1.000      0.000      0.000      0.000      1.000
    -0.098     -0.085     -0.494     -0.523     -0.510     -0.375     -0.513 31593      0.996      0.000      0.004      0.000      1.000
     0.434      0.357     -0.026     -0.044     -1.575     -0.136     -0.345 32286      1.000      0.000      0.000      0.000      1.000
    -0.592     -0.936     -0.026     -0.138     -0.012     -0.871      0.117 32515      0.000      0.000      1.000      0.000      3.000
     0.076      0.138      0.220      0.235      0.099     -0.165      0.316 32948      0.000      1.000      0.000      0.000      2.000
     0.580      0.744     -0.257     -0.276     -0.413      1.014      0.025 33164      0.832      0.168      0.000      0.000      1.000
     0.895      1.244      0.916      1.023      0.764      1.579      1.019 34213      0.000      0.000      0.000      1.000      4.000
     0.937      1.267      0.626      0.748      0.436      1.524      0.812 34285      0.000      0.000      0.000      1.000      4.000
    -0.147     -0.012     -1.018     -1.177     -0.966     -0.402     -1.205 34935      1.000      0.000      0.000      0.000      1.000
     0.194      0.225     -0.797     -0.860     -0.745      0.359     -0.580 35456      1.000      0.000      0.000      0.000      1.000
     0.988      1.557      0.636      0.833      0.869      1.342      0.990 36326      0.000      0.000      0.000      1.000      4.000
    -0.441     -0.525     -0.269     -0.353     -0.420     -0.695     -0.777 36339      0.032      0.000      0.968      0.000      3.000
     0.424      0.591      0.772      0.842      0.916      0.849      0.988 36351      0.000      0.000      0.000      1.000      4.000
     0.959      1.383      0.771      0.949      0.703      1.405      0.974 36396      0.000      0.000      0.000      1.000      4.000
    -0.529     -0.731     -0.401     -0.474     -0.345     -0.954     -0.418 37074      0.001      0.000      0.999      0.000      3.000
    -0.175     -0.091     -0.625     -0.519     -0.294     -0.480     -0.637 37264      0.992      0.000      0.008      0.000      1.000
    -0.452     -0.684     -0.059     -0.095      0.140     -0.618      0.048 38418      0.000      0.000      1.000      0.000      3.000
    -0.185      0.070     -0.558     -0.412      0.158     -1.215     -0.057 38471      0.024      0.000      0.976      0.000      3.000
    -0.621     -0.880     -0.669     -0.734     -0.369     -0.842     -0.684 38564      0.884      0.000      0.116      0.000      1.000
    -0.452     -0.656     -0.029     -0.057     -0.251     -0.944     -0.218 38660      0.000      0.000      1.000      0.000      3.000
     1.000      1.496      0.942      1.096      0.962      1.615      1.150 38906      0.000      0.000      0.000      1.000      4.000
    -0.147     -0.044     -1.217     -1.314     -0.847     -0.187     -1.299 38927      1.000      0.000      0.000      0.000      1.000
    -0.504     -0.960      0.002     -0.073     -0.089     -0.505      0.183 38985      0.000      0.003      0.997      0.000      3.000
    -0.993     -1.496      0.457      0.385      0.584     -1.452      0.395 39052      0.000      1.000      0.000      0.000      2.000
     0.734      1.209     -0.047      0.254      0.480      0.713      0.463 39130      0.000      1.000      0.000      0.000      2.000
    -0.306     -0.502     -0.291     -0.396     -0.504     -0.493     -0.489 39182      0.049      0.000      0.951      0.000      3.000
    -0.702     -1.215      0.163     -0.098      0.079     -0.419      0.134 39307      0.000      0.111      0.889      0.000      3.000
     0.559      0.887      0.391      0.705      0.538      0.241      0.765 39389      0.000      0.930      0.000      0.070      2.000
    -0.484     -0.413     -1.235     -1.388     -0.983     -0.924     -1.610 39397      1.000      0.000      0.000      0.000      1.000
    -0.089     -0.109     -1.468     -1.561     -1.082      0.267     -1.512 39425      1.000      0.000      0.000      0.000      1.000
    -0.739     -1.081     -0.330     -0.270      0.084     -1.256     -0.148 39545      0.000      0.000      1.000      0.000      3.000
     0.615      0.971      0.495      0.792      0.827      0.584      0.894 39579      0.000      0.002      0.000      0.998      4.000
    -0.836     -1.254      0.134      0.113      0.211     -1.371      0.105 39907      0.000      0.956      0.044      0.000      2.000
    -0.133     -0.434      0.592      0.232      0.438      1.159      0.456 40230      0.000      1.000      0.000      0.000      2.000
     0.002      0.254     -1.137     -1.164     -0.999     -0.313     -1.118 40354      1.000      0.000      0.000      0.000      1.000
    -0.482     -0.677     -0.700     -0.775     -0.578     -0.608     -0.852 40667      1.000      0.000      0.000      0.000      1.000
    -0.633     -0.927     -0.026     -0.055      0.096     -0.968     -0.249 40782      0.000      0.000      1.000      0.000      3.000
    -0.652     -0.957     -0.019     -0.068      0.115     -0.975     -0.104 40926      0.000      0.000      1.000      0.000      3.000
    -0.383     -0.615     -0.471     -0.538     -0.515     -0.391     -0.688 41179      0.888      0.000      0.112      0.000      1.000
    -0.453     -0.603      0.168      0.230      0.472     -1.054      0.314 41893      0.000      0.999      0.001      0.000      2.000
    -0.665     -0.875      0.255      0.259      0.503     -1.174      0.247 42054      0.000      1.000      0.000      0.000      2.000
    -1.039     -1.462      0.613      0.626      0.984     -1.707      0.693 42064      0.000      1.000      0.000      0.000      2.000
    -0.237     -0.308     -0.049     -0.102      0.074     -0.329     -0.080 42089      0.000      0.001      0.998      0.000      3.000
    -0.228     -0.256     -0.620     -0.706     -0.457     -0.249     -0.748 42376      1.000      0.000      0.000      0.000      1.000
    -0.732     -1.035     -0.274     -0.307     -0.095     -1.228     -0.418 42528      0.000      0.000      1.000      0.000      3.000
    -0.331     -0.356     -0.176     -0.211     -0.082     -0.731     -0.183 42735      0.000      0.000      1.000      0.000      3.000
     0.303      0.590     -0.674     -0.692     -0.321      0.428     -0.440 43099      1.000      0.000      0.000      0.000      1.000
    -0.301     -0.384     -0.668     -0.818     -0.768     -0.181     -1.053 43376      1.000      0.000      0.000      0.000      1.000
    -1.264     -1.944      0.721      0.547      0.760     -1.715      0.638 44523      0.000      1.000      0.000      0.000      2.000
    -0.394     -0.509     -0.431     -0.228      0.155     -1.111     -0.143 44719      0.000      0.000      1.000      0.000      3.000
    -1.201     -1.843      0.830      0.699      0.856     -1.708      0.799 44887      0.000      1.000      0.000      0.000      2.000
     0.652      1.038      0.414      0.559      0.448      0.849      0.481 45034      0.000      0.999      0.000      0.001      2.000
    -0.485     -0.752     -0.144     -0.168     -0.166     -0.783     -0.243 45159      0.000      0.000      1.000      0.000      3.000
     0.745      1.145      0.600      0.740      0.751      1.203      0.834 45300      0.000      0.000      0.000      1.000      4.000
    -0.828     -1.186      0.092      0.058      0.293     -1.279     -0.018 45539      0.000      0.403      0.597      0.000      3.000
    -0.283     -0.444     -0.430     -0.516     -0.781     -0.514     -0.744 45882      0.997      0.000      0.003      0.000      1.000
     0.857      1.074      0.811      0.831      0.431      1.599      0.887 46065      0.000      0.000      0.000      1.000      4.000
     0.591      0.811      0.797      0.849      0.416      0.878      0.863 46094      0.000      0.000      0.000      1.000      4.000
     0.827      1.043      0.335      0.437      0.168      1.503      0.515 46109      0.000      1.000      0.000      0.000      2.000
    -0.151     -0.053     -0.611     -0.639     -0.412     -0.353     -0.692 46199      1.000      0.000      0.000      0.000      1.000
    -0.195     -0.504     -0.059     -0.263     -0.592      0.154     -0.381 46624      0.961      0.000      0.039      0.000      1.000
    -0.704     -1.044      0.069     -0.004      0.162     -1.004     -0.020 46841      0.000      0.005      0.995      0.000      3.000
    -0.352     -0.482     -0.604     -0.707     -0.675     -0.541     -0.824 47188      1.000      0.000      0.000      0.000      1.000
    -0.241     -0.196     -0.539     -0.679     -0.557     -0.491     -0.737 48143      1.000      0.000      0.000      0.000      1.000
     0.319      0.655     -1.487     -1.623     -1.488      0.547     -1.791 48422      1.000      0.000      0.000      0.000      1.000
    -0.101     -0.070     -0.328     -0.245     -0.246     -0.609     -0.263 48709      0.020      0.000      0.980      0.000      3.000
    -0.059      0.119     -1.174     -1.227     -1.001     -0.212     -1.449 49086      1.000      0.000      0.000      0.000      1.000
    -0.557     -0.911     -0.098     -0.166     -0.090     -0.696     -0.153 49283      0.000      0.000      1.000      0.000      3.000
    -0.059     -0.203      0.816      0.914      0.593     -0.398      0.928 49314      0.000      1.000      0.000      0.000      2.000
    -0.663     -1.018     -0.240     -0.416     -0.189     -0.745     -0.302 49611      0.000      0.000      1.000      0.000      3.000
     0.850      1.263      0.432      0.715      0.475      0.828      0.802 49668      0.000      0.008      0.000      0.992      4.000
    -0.714     -0.966     -0.086     -0.046      0.190     -0.963     -0.426 49789      0.000      0.000      1.000      0.000      3.000
    -0.426     -0.704     -0.249     -0.240     -0.122     -0.650     -0.197 49841      0.000      0.000      1.000      0.000      3.000
    -0.536     -0.807     -0.368     -0.567     -0.391     -0.490     -0.527 49847      0.030      0.000      0.970      0.000      3.000
    -0.477     -0.621      0.307      0.603      0.684     -1.544      0.505 50420      0.000      1.000      0.000      0.000      2.000
     0.533      0.623      0.352      0.344     -0.368      0.701      0.295 50539      0.000      1.000      0.000      0.000      2.000
     1.054      1.593      0.696      0.946      0.837      1.467      1.018 51122      0.000      0.000      0.000      1.000      4.000
     0.797      1.213      0.865      1.020      0.967      1.279      1.085 51954      0.000      0.000      0.000      1.000      4.000
     0.924      1.386      0.704      0.809      0.557      1.309      0.908 52161      0.000      0.000      0.000      1.000      4.000
    -0.680     -1.026     -0.004     -0.050     -0.168     -1.237     -0.106 52525      0.000      0.000      1.000      0.000      3.000
    -0.317     -0.391     -0.309     -0.402     -0.122     -0.462     -0.348 52555      0.002      0.000      0.998      0.000      3.000
     1.071      1.588      0.939      1.111      0.949      1.683      1.165 52601      0.000      0.000      0.000      1.000      4.000
     0.056     -0.106      0.540      0.384      0.592      0.908      0.605 52702      0.000      1.000      0.000      0.000      2.000
     0.627      0.789      0.842      0.974      0.914      1.229      1.072 52758      0.000      0.000      0.000      1.000      4.000
     0.059      0.287      0.118      0.118      0.053     -0.530      0.198 52881      0.000      1.000      0.000      0.000      2.000
    -0.940     -1.417      0.456      0.431      0.612     -1.469      0.416 53093      0.000      1.000      0.000      0.000      2.000
     0.956      1.238      0.856      0.964      0.343      1.467      0.905 53309      0.000      0.000      0.000      1.000      4.000
     0.457      0.561      0.882      0.806      0.920      1.415      0.996 53342      0.000      0.000      0.000      1.000      4.000
     0.461      0.593      0.067      0.071     -0.259      0.725     -0.025 53642      0.001      0.999      0.000      0.000      2.000
    -0.746     -1.130     -0.083     -0.232      0.073     -0.552     -0.503 53687      0.000      0.000      1.000      0.000      3.000
    -0.308     -0.394      0.422      0.512      0.225     -1.098      0.508 53992      0.000      1.000      0.000      0.000      2.000
     0.317      0.606     -1.563     -1.766     -1.641      0.703     -1.899 54418      1.000      0.000      0.000      0.000      1.000
     0.704      0.833      0.182      0.317     -0.338      0.846      0.250 54598      0.000      1.000      0.000      0.000      2.000
    -0.040      0.067     -1.184     -1.320     -1.070      0.150     -1.460 55004      1.000      0.000      0.000      0.000      1.000
     0.961      1.386      0.682      0.818      0.706      1.613      0.869 55211      0.000      0.000      0.000      1.000      4.000
    -0.211     -0.209     -0.616     -0.617     -0.633     -0.676     -0.770 55531      1.000      0.000      0.000      0.000      1.000
    -0.492     -0.754     -0.590     -0.823     -0.688     -0.284     -0.925 55595      1.000      0.000      0.000      0.000      1.000
    -0.856     -1.227      0.267      0.237      0.473     -1.373      0.185 56047      0.000      1.000      0.000      0.000      2.000
    -0.478     -0.655     -0.456     -0.555     -0.360     -0.605     -0.675 56132      0.168      0.000      0.832      0.000      3.000
    -0.216     -0.259     -0.727     -0.946     -0.770     -0.088     -0.916 56238      1.000      0.000      0.000      0.000      1.000
    -0.424     -0.606     -0.463     -0.575     -0.431     -0.544     -0.614 56709      0.384      0.000      0.616      0.000      3.000
    -0.290     -0.482     -0.608     -0.705     -0.616     -0.179     -0.781 56746      1.000      0.000      0.000      0.000      1.000
    -0.295     -0.476     -0.202     -0.209     -0.540     -0.695     -0.436 56833      0.003      0.000      0.997      0.000      3.000
     0.826      1.061      0.416      0.564      0.042      1.240      0.391 56936      0.000      1.000      0.000      0.000      2.000
     0.384      0.678      0.014      0.151     -0.174     -0.048     -0.078 56937      0.003      0.997      0.000      0.000      2.000
    -0.602     -0.818     -0.051     -0.132      0.038     -0.970     -0.245 56942      0.000      0.000      1.000      0.000      3.000
    -1.036     -1.525      0.567      0.497      0.820     -1.509      0.563 57217      0.000      1.000      0.000      0.000      2.000
     0.401      0.408      0.950      0.974      0.704      0.956      1.013 57375      0.000      0.000      0.000      1.000      4.000
    -0.603     -0.859     -0.183     -0.244     -0.083     -0.950     -0.305 57604      0.000      0.000      1.000      0.000      3.000
    -0.218     -0.263     -0.547     -0.497     -0.396     -0.662     -0.514 57809      0.658      0.000      0.342      0.000      1.000
    -0.876     -1.320      0.472      0.470      0.538     -1.432      0.400 58009      0.000      1.000      0.000      0.000      2.000
    -0.153     -0.157     -0.824     -0.929     -0.761     -0.142     -0.990 58036      1.000      0.000      0.000      0.000      1.000
    -0.596     -0.873      0.029     -0.017      0.033     -0.985     -0.102 58748      0.000      0.000      1.000      0.000      3.000
     0.796      1.068      0.870      1.014      0.701      1.233      1.051 59290      0.000      0.000      0.000      1.000      4.000
     0.995      1.511      0.748      0.934      0.921      1.588      1.039 59439      0.000      0.000      0.000      1.000      4.000
    -0.900     -1.286      0.917      0.982      1.077     -1.713      0.986 60045      0.000      1.000      0.000      0.000      2.000
     0.507      0.673      0.451      0.483      0.108      0.808      0.434 60362      0.000      1.000      0.000      0.000      2.000
    -0.713     -1.017     -0.084     -0.128      0.036     -1.174     -0.122 60417      0.000      0.000      1.000      0.000      3.000
    -0.079     -0.013     -0.763     -0.848     -0.649     -0.041     -0.904 60446      1.000      0.000      0.000      0.000      1.000
     0.333      0.363     -0.915     -1.021     -1.387      0.700     -1.262 60626      1.000      0.000      0.000      0.000      1.000
     0.607      0.889      0.524      0.584      0.612      1.211      0.696 60713      0.000      0.092      0.000      0.908      4.000
     0.148      0.118      0.713      0.475      0.734      1.288      0.654 60852      0.000      1.000      0.000      0.000      2.000
    -0.301     -0.472     -0.379     -0.676     -0.601      0.069     -0.771 60876      1.000      0.000      0.000      0.000      1.000
    -0.643     -0.921      0.428      0.434      0.546     -1.161      0.420 60960      0.000      1.000      0.000      0.000      2.000
    -0.306     -0.478     -0.376     -0.370     -0.273     -0.545     -0.276 60964      0.002      0.000      0.998      0.000      3.000
    -0.741     -1.305      0.298      0.065     -0.044     -0.507     -0.101 61110      0.000      0.233      0.767      0.000      3.000
     0.800      1.038      0.150      0.220     -0.110      1.365      0.228 61317      0.000      1.000      0.000      0.000      2.000
    -0.428     -0.633     -0.069     -0.108     -0.051     -0.736     -0.067 61688      0.000      0.000      1.000      0.000      3.000
    -0.227     -0.258     -0.672     -0.786     -0.633     -0.278     -0.853 61796      1.000      0.000      0.000      0.000      1.000
     1.051      1.579      0.381      0.669      0.676      1.536      0.808 61899      0.000      0.009      0.000      0.991      4.000
    -0.818     -1.035      0.105      0.197      0.784     -1.663      0.378 62211      0.000      1.000      0.000      0.000      2.000
     0.607      0.982      0.454      0.439      0.669      1.116      0.735 62789      0.000      0.731      0.000      0.269      2.000
    -0.719     -1.081     -0.150     -0.336     -0.229     -0.977     -0.306 63059      0.000      0.000      1.000      0.000      3.000
     0.746      0.963      0.317      0.393      0.034      1.395      0.252 63154      0.000      1.000      0.000      0.000      2.000
     0.158      0.394     -1.601     -1.741     -1.481     -0.039     -1.490 63550      1.000      0.000      0.000      0.000      1.000
    -0.694     -1.028     -0.236     -0.299     -0.409     -1.186     -0.579 63710      0.000      0.000      1.000      0.000      3.000
    -0.163     -0.161     -0.860     -0.986     -0.777     -0.135     -1.019 63742      1.000      0.000      0.000      0.000      1.000
    -0.386     -0.483      0.042      0.064      0.258     -0.712      0.112 64428      0.000      0.064      0.936      0.000      3.000
     0.448      0.547      0.937      0.883      0.918      1.380      1.016 64500      0.000      0.000      0.000      1.000      4.000
    -0.367     -0.597     -0.057     -0.018      0.019     -0.593     -0.028 64705      0.000      0.000      1.000      0.000      3.000
    -0.111     -0.101     -0.828     -0.918     -0.769     -0.118     -0.980 64748      1.000      0.000      0.000      0.000      1.000
     0.151      0.296     -0.919     -0.867     -1.006     -0.218     -1.033 64936      1.000      0.000      0.000      0.000      1.000
    -0.424     -0.643     -0.435     -0.558     -0.742     -0.733     -0.765 65088      0.956      0.000      0.044      0.000      1.000
     0.715      1.117      0.706      0.956      0.625      0.450      0.974 65156      0.000      0.000      0.000      1.000      4.000
    -0.220     -0.175     -0.375     -0.234     -0.587     -1.182     -0.511 66290      0.119      0.000      0.881      0.000      3.000
     0.745      0.966      0.373      0.435      0.252      1.395      0.564 66311      0.000      0.999      0.000      0.001      2.000
    -0.455     -0.621     -0.489     -0.671     -0.354     -0.438     -0.631 66441      0.788      0.000      0.212      0.000      1.000
     0.946      1.461      0.763      0.968      0.884      1.318      1.047 66491      0.000      0.000      0.000      1.000      4.000
     0.413      0.723     -1.589     -1.673     -1.509      0.619     -1.704 66661      1.000      0.000      0.000      0.000      1.000
    -0.280     -0.300     -0.085     -0.055      0.007     -0.663     -0.145 66785      0.000      0.000      1.000      0.000      3.000
    -0.612     -1.011      0.253      0.203      0.461     -0.642      0.294 67594      0.000      0.999      0.001      0.000      2.000
     0.313      0.377      0.726      0.832      0.632      0.357      0.911 67734      0.000      0.177      0.000      0.823      4.000
     0.610      0.863      0.982      1.012      1.002      1.423      1.087 68956      0.000      0.000      0.000      1.000      4.000
     0.888      1.213      0.432      0.687      0.219      0.928      0.743 69002      0.000      0.080      0.000      0.920      4.000
    -0.108      0.120     -0.713     -0.664     -0.128     -0.426     -0.584 69193      1.000      0.000      0.000      0.000      1.000
     0.682      0.969      0.476      0.505      0.372      1.168      0.553 69379      0.000      0.982      0.000      0.018      2.000
     0.010      0.131     -0.879     -0.857     -0.781     -0.247     -0.959 69804      1.000      0.000      0.000      0.000      1.000
    -0.581     -0.841     -0.658     -0.887     -0.590     -0.733     -0.675 70511      0.999      0.000      0.001      0.000      1.000
    -0.770     -1.116      0.184      0.142      0.358     -1.247      0.206 70521      0.000      0.993      0.007      0.000      2.000
    -0.237     -0.279     -0.463     -0.525     -0.434     -0.376     -0.606 70552      0.946      0.000      0.054      0.000      1.000
    -0.718     -1.035      0.734      0.803      0.746     -1.559      0.772 71174      0.000      1.000      0.000      0.000      2.000
    -0.351     -0.473      0.747      0.909      0.885     -1.015      0.927 71207      0.000      1.000      0.000      0.000      2.000
     0.785      0.891      0.419      0.529     -0.411      0.757      0.553 71298      0.000      1.000      0.000      0.000      2.000
     0.431      0.393      0.664      0.587      0.181      1.165      0.609 71924      0.000      0.984      0.000      0.016      2.000
    -0.352     -0.422     -0.718     -0.774     -0.561     -0.577     -0.866 72017      1.000      0.000      0.000      0.000      1.000
    -0.324     -0.579     -0.351     -0.411     -0.514     -0.508     -0.452 72110      0.043      0.000      0.957      0.000      3.000
     0.102      0.231     -0.790     -0.762     -0.752     -0.035     -0.893 72323      1.000      0.000      0.000      0.000      1.000
     1.077      1.556      0.715      0.870      0.579      1.631      0.946 72370      0.000      0.000      0.000      1.000      4.000
     0.860      1.029      0.357      0.441     -0.160      1.466      0.361 73369      0.000      1.000      0.000      0.000      2.000
     0.351      0.365      0.046      0.045     -0.224      0.772     -0.011 73881      0.003      0.997      0.000      0.000      2.000
     0.773      1.125      0.719      0.900      0.751      1.054      0.988 74369      0.000      0.000      0.000      1.000      4.000
     0.492      0.683      0.857      0.993      0.955      0.843      1.065 74501      0.000      0.000      0.000      1.000      4.000
    -0.413     -0.648     -0.060     -0.198     -0.043     -0.353     -0.190 74533      0.000      0.000      1.000      0.000      3.000
     0.849      1.118      0.791      0.862      0.388      1.386      0.853 74824      0.000      0.000      0.000      1.000      4.000
    -0.179     -0.313     -0.596     -0.602     -0.361     -0.275     -0.487 74924      0.994      0.000      0.006      0.000      1.000
     0.464      0.561      0.847      0.925      0.312      0.510      0.881 75331      0.000      0.004      0.000      0.996      4.000
     0.213      0.250     -0.320     -0.399     -0.748      0.329     -0.652 76261      1.000      0.000      0.000      0.000      1.000
    -0.507     -0.766     -0.251     -0.272     -0.071     -0.871     -0.245 76785      0.000      0.000      1.000      0.000      3.000
     0.477      0.678      0.434      0.462      0.401      0.930      0.522 76791      0.000      1.000      0.000      0.000      2.000
     0.470      0.587      0.985      1.026      0.979      1.159      1.100 77288      0.000      0.000      0.000      1.000      4.000
    -0.153     -0.075     -0.657     -0.756     -0.767     -0.422     -0.883 77441      1.000      0.000      0.000      0.000      1.000
     0.600      0.720      0.485      0.690     -0.045      0.298      0.629 77464      0.000      1.000      0.000      0.000      2.000
     0.611      0.755      0.864      0.938      0.475      0.933      0.955 78236      0.000      0.000      0.000      1.000      4.000
    -0.771     -1.019      0.106      0.126      0.534     -1.365      0.127 78759      0.000      0.992      0.008      0.000      2.000
    -0.539     -0.846     -1.129     -1.500     -1.492     -0.121     -1.771 79261      1.000      0.000      0.000      0.000      1.000
     0.680      0.901      0.911      1.028      0.769      1.131      1.068 79610      0.000      0.000      0.000      1.000      4.000
    -0.312     -0.456     -0.814     -0.837     -0.694     -0.490     -0.884 79984      1.000      0.000      0.000      0.000      1.000
     0.896      1.326      0.913      1.035      0.916      1.553      1.094 80544      0.000      0.000      0.000      1.000      4.000
    -0.172     -0.145     -0.011     -0.038     -0.052     -0.359     -0.322 80598      0.002      0.001      0.997      0.000      3.000
     0.899      1.391      0.271      0.475      0.374      0.940      0.679 80735      0.000      0.992      0.000      0.008      2.000
    -0.422     -0.572     -0.328     -0.362     -0.308     -0.639     -0.570 81276      0.003      0.000      0.997      0.000      3.000
     0.867      1.144      0.836      0.965      0.584      1.404      1.001 81426      0.000      0.000      0.000      1.000      4.000
    -0.807     -1.120     -0.029     -0.049      0.285     -1.196     -0.116 81609      0.000      0.003      0.997      0.000      3.000
    -0.398     -0.375     -0.919     -0.977     -0.471     -0.726     -0.864 81726      1.000      0.000      0.000      0.000      1.000
    -0.739     -1.041     -0.140     -0.235      0.013     -1.076     -0.233 81810      0.000      0.000      1.000      0.000      3.000
     0.389      0.657     -0.348     -0.296     -0.025      0.701     -0.220 81924      0.997      0.003      0.000      0.000      1.000
     1.035      1.523      0.534      0.683      0.529      1.599      0.824 81936      0.000      0.001      0.000      0.999      4.000
     0.279      0.299      0.434      0.295      0.478      1.239      0.377 82249      0.000      1.000      0.000      0.000      2.000
    -0.366     -0.350     -0.382     -0.333     -0.024     -0.668     -0.471 82770      0.001      0.000      0.999      0.000      3.000
    -0.354     -0.531     -0.241     -0.444     -0.524     -0.780     -0.059 82791      0.002      0.000      0.998      0.000      3.000
     0.486      0.649     -0.050      0.058     -0.352      0.598     -0.068 83188      0.027      0.973      0.000      0.000      2.000
    -0.920     -1.426      0.310      0.251      0.307     -1.305      0.178 83330      0.000      1.000      0.000      0.000      2.000
    -0.683     -0.925     -0.193     -0.207      0.026     -1.052     -0.331 83637      0.000      0.000      1.000      0.000      3.000
     1.091      1.598      0.592      0.815      0.597      1.554      0.904 83643      0.000      0.000      0.000      1.000      4.000
     0.714      0.974      0.036      0.053     -0.184      1.073      0.212 84010      0.000      1.000      0.000      0.000      2.000
     0.814      1.088      0.756      0.915      0.418      1.072      0.922 84366      0.000      0.000      0.000      1.000      4.000
     0.488      0.318      0.491      0.380     -0.098      1.414      0.476 84402      0.000      1.000      0.000      0.000      2.000
    -0.188     -0.173     -0.510     -0.564     -0.345     -0.187     -0.668 84671      0.999      0.000      0.001      0.000      1.000
    -0.704     -0.974      0.161      0.152      0.537     -1.156      0.307 84895      0.000      0.999      0.001      0.000      2.000
     0.043      0.064     -1.102     -1.068     -1.266      0.026     -1.500 85216      1.000      0.000      0.000      0.000      1.000
     1.032      1.548      0.871      1.053      0.777      1.476      1.002 85423      0.000      0.000      0.000      1.000      4.000
     0.983      1.400      0.681      0.829      0.562      1.611      0.756 85437      0.000      0.000      0.000      1.000      4.000
    -0.890     -1.394      0.654      0.620      0.718     -1.244      0.648 85474      0.000      1.000      0.000      0.000      2.000
     0.634      0.876      0.893      1.004      0.812      0.986      1.067 85511      0.000      0.000      0.000      1.000      4.000
     0.644      0.866      0.859      0.884      0.869      1.462      1.011 86496      0.000      0.000      0.000      1.000      4.000
    -0.302     -0.525     -0.586     -0.710     -0.689     -0.333     -0.723 86873      1.000      0.000      0.000      0.000      1.000
     0.746      0.771      0.798      0.833      0.233      1.454      0.873 87451      0.000      0.000      0.000      1.000      4.000
     0.033     -0.017     -0.014     -0.152     -0.180      0.185      0.029 87904      0.360      0.631      0.008      0.000      2.000
     0.706      1.070      0.204      0.376      0.269      0.872      0.412 88316      0.000      1.000      0.000      0.000      2.000
    -0.994     -1.498      0.493      0.454      0.619     -1.514      0.432 88337      0.000      1.000      0.000      0.000      2.000
    -0.071     -0.180     -0.995     -1.189     -1.345      0.126     -1.359 88672      1.000      0.000      0.000      0.000      1.000
    -0.453     -0.626     -0.461     -0.514     -0.381     -0.728     -0.608 89365      0.048      0.000      0.952      0.000      3.000
     0.019     -0.031      0.550      0.505      0.419      0.341      0.429 89425      0.000      1.000      0.000      0.000      2.000
    -0.572     -0.916     -0.134     -0.212     -0.276     -0.920     -0.266 89482      0.000      0.000      1.000      0.000      3.000
    -0.088     -0.119     -0.417     -0.435     -0.538     -0.199     -0.601 89594      0.998      0.000      0.002      0.000      1.000
    -0.326     -0.405     -0.549     -0.652     -0.337     -0.407     -0.618 89877      0.967      0.000      0.033      0.000      1.000
     0.669      0.683      0.842      0.812     -0.098      1.209      0.755 89955      0.000      0.007      0.000      0.993      4.000
    -0.655     -0.998     -0.174     -0.300     -0.021     -0.674     -0.244 90639      0.000      0.000      1.000      0.000      3.000
    -0.655     -1.033      0.452      0.373      0.346     -1.235      0.477 90656      0.000      1.000      0.000      0.000      2.000
     0.892      1.284      0.645      0.863      0.759      1.268      0.975 90848      0.000      0.000      0.000      1.000      4.000
    -0.496     -0.779     -0.112     -0.188     -0.070     -0.775     -0.015 91303      0.000      0.000      1.000      0.000      3.000
     0.804      1.062      0.813      0.851      0.698      1.482      1.007 91319      0.000      0.000      0.000      1.000      4.000
     1.097      1.602      0.432      0.648      0.440      1.546      0.777 91356      0.000      0.027      0.000      0.973      4.000
    -0.424     -0.711     -0.609     -0.654     -0.597     -0.746     -0.473 91414      0.823      0.000      0.177      0.000      1.000
     0.673      0.924      0.108      0.112      0.064      1.289      0.256 91459      0.000      1.000      0.000      0.000      2.000
     0.240      0.339      0.331      0.581      0.365     -0.084      0.484 91909      0.000      1.000      0.000      0.000      2.000
    -0.084     -0.004     -1.029     -1.108     -0.822     -0.157     -1.040 92098      1.000      0.000      0.000      0.000      1.000
     0.197      0.239     -0.726     -0.792     -1.045      0.298     -0.995 92323      1.000      0.000      0.000      0.000      1.000
    -0.181     -0.218     -0.841     -0.947     -0.769     -0.155     -1.001 92727      1.000      0.000      0.000      0.000      1.000
    -0.310     -0.387     -0.604     -0.704     -0.516     -0.415     -0.738 93173      1.000      0.000      0.000      0.000      1.000
    -0.378     -0.514     -0.044     -0.047     -0.035     -0.832     -0.125 93692      0.000      0.000      1.000      0.000      3.000
    -1.052     -1.553      0.476      0.384      0.613     -1.392      0.262 94141      0.000      1.000      0.000      0.000      2.000
    -0.461     -0.781     -0.293     -0.345     -0.698     -0.880     -0.554 94278      0.012      0.000      0.988      0.000      3.000
    -0.321     -0.493     -0.760     -0.918     -0.567      0.058     -0.892 95846      1.000      0.000      0.000      0.000      1.000
     0.656      0.559     -0.066     -0.174     -1.185      1.161     -0.157 96298      0.998      0.002      0.000      0.000      1.000
    -0.228     -0.255     -0.655     -0.731     -0.564     -0.402     -0.772 96894      1.000      0.000      0.000      0.000      1.000
     0.633      0.968     -0.275     -0.291     -0.594      1.167     -0.673 97169      1.000      0.000      0.000      0.000      1.000
    -0.541     -0.768     -0.139     -0.108      0.015     -0.950     -0.214 97551      0.000      0.000      1.000      0.000      3.000
     0.921      1.393      0.416      0.505      0.542      1.565      0.689 97740      0.000      0.492      0.000      0.508      4.000
     0.684      1.093      0.945      1.036      1.019      1.217      1.087 98255      0.000      0.000      0.000      1.000      4.000
    -0.761     -1.127      0.038     -0.016      0.111     -1.126     -0.080 98284      0.000      0.003      0.997      0.000      3.000
    -0.169     -0.538      0.725      0.418      0.756      1.147      0.744 98324      0.000      1.000      0.000      0.000      2.000
    -0.431     -0.645     -0.029     -0.191     -0.127     -0.462     -0.191 98830      0.000      0.000      1.000      0.000      3.000
     0.423      0.544     -0.040      0.020      0.061      0.824      0.059 99199      0.000      1.000      0.000      0.000      2.000
     0.190      0.136      0.759      0.788      0.523      0.515      0.827 99607      0.000      0.908      0.000      0.092      2.000
    -0.380     -0.385      0.401      0.559      0.528     -1.224      0.338 99974      0.000      1.000      0.000      0.000      2.000
