     0.625      1.837      1.510      1.112      1.314      1.368      1.320 10190      0.000      0.003      0.000      0.997      4.000
    -0.867      0.327     -1.690     -0.615     -0.969      0.469     -1.236 10310      0.000      0.000      1.000      0.000      3.000
     0.315      0.027      0.028      0.192     -0.482     -0.806      0.025 10441      0.074      0.688      0.238      0.000      2.000
     0.313     -0.082     -0.439      0.074      0.049     -0.408     -0.096 10994      0.030      0.313      0.656      0.000      3.000
    -1.097     -1.159      0.110      0.163      0.196     -0.763     -0.883 11035      0.999      0.000      0.001      0.000      1.000
     1.444      1.163      1.486      1.086      0.965      1.719      1.035 11280      0.000      0.001      0.000      0.999      4.000
     1.541     -0.106      0.348      0.924      0.510      0.622      0.350 11316      0.000      0.979      0.000      0.021      2.000
     0.941      1.302      1.115      0.442      1.114      1.701      0.501 11413      0.000      0.015      0.000      0.985      4.000
     1.428      1.476      0.391      1.256      1.355      1.084      1.033 11547      0.000      0.023      0.000      0.977      4.000
     0.633      1.455      1.164      0.816      1.267     -0.455      0.867 11824      0.000      0.994      0.000      0.006      2.000
    -1.315     -0.155      0.290      0.750      0.668     -1.090     -0.044 12671      1.000      0.000      0.000      0.000      1.000
     1.040      0.616     -1.110      0.823     -0.352      1.746      1.389 13023      0.000      1.000      0.000      0.000      2.000
    -0.788     -0.192     -0.277     -0.623     -0.004     -0.751      0.342 13042      0.879      0.001      0.120      0.000      1.000
    -1.231     -0.956      0.459      0.181      0.805     -0.756     -0.366 13532      1.000      0.000      0.000      0.000      1.000
    -0.568     -0.360     -0.696     -0.218     -0.637      0.063     -2.328 13618      0.000      0.000      1.000      0.000      3.000
     0.037     -1.234      0.385      0.359      0.479     -1.398      0.738 13763      0.984      0.016      0.000      0.000      1.000
     0.324      1.468     -3.260     -2.615     -3.013      1.258     -1.920 14086      0.000      0.000      1.000      0.000      3.000
    -1.147     -1.025      0.555     -0.604      0.033     -0.747      0.443 14230      1.000      0.000      0.000      0.000      1.000
     1.202      0.761      0.704      1.017      0.533      1.755      1.006 14961      0.000      0.021      0.000      0.979      4.000
    -0.222      1.000      1.306      1.877      0.167     -0.966     -0.246 15110      0.004      0.996      0.000      0.000      2.000
     1.167     -0.343      1.271      0.494      1.705      1.683      0.489 15183      0.000      0.170      0.000      0.830      4.000
    -0.318      0.035     -1.153     -1.056     -1.071      0.042     -0.928 15344      0.000      0.000      1.000      0.000      3.000
     0.464     -1.356      0.814      1.081      1.173     -1.344      0.045 16022      0.698      0.302      0.000      0.000      1.000
     0.781      0.914      1.061      1.225      0.141      1.345      0.466 16308      0.000      0.555      0.000      0.445      2.000
    -1.440     -1.248      0.397      0.236      0.051     -1.340      0.402 16728      1.000      0.000      0.000      0.000      1.000
     1.415      1.621      1.376      1.084      1.055      1.321      1.351 16730      0.000      0.001      0.000      0.999      4.000
    -1.220     -0.648     -0.164     -1.236      0.282     -0.471      0.588 16765      0.957      0.000      0.043      0.000      1.000
    -0.317     -0.669     -0.829     -0.142     -0.296      0.064     -0.244 17075      0.004      0.003      0.993      0.000      3.000
     1.110      1.743     -0.076      0.531     -0.077      1.360      0.001 17145      0.000      1.000      0.000      0.000      2.000
    -1.036     -1.164     -0.451     -0.382     -0.071     -0.863      0.115 17216      0.998      0.000      0.002      0.000      1.000
     0.064      0.586      0.654      0.227     -0.044      0.215      0.778 17732      0.000      0.998      0.002      0.000      2.000
     0.014     -0.220     -0.307      0.077     -0.375     -0.748     -0.419 18057      0.151      0.052      0.797      0.000      3.000
     0.048      0.190     -1.875     -2.482     -1.947      0.251     -1.872 18368      0.000      0.000      1.000      0.000      3.000
     0.473      0.881      1.392      1.129      1.045      1.587      1.015 18507      0.000      0.008      0.000      0.992      4.000
    -1.391     -0.032     -1.300     -1.827     -1.330      0.825      0.339 18764      0.000      0.000      1.000      0.000      3.000
     0.120      0.498     -0.716     -0.671     -0.992      0.522     -1.266 19090      0.000      0.000      1.000      0.000      3.000
    -0.318      0.035     -1.153     -1.056     -1.071      0.042     -0.928 19143      0.000      0.000      1.000      0.000      3.000
    -1.148     -0.625     -0.048      0.278     -0.496     -1.168     -0.191 19288      0.998      0.000      0.002      0.000      1.000
     1.191     -0.734      0.338      0.041     -0.437      1.046      0.187 19343      0.000      0.999      0.001      0.000      2.000
     0.402     -0.281     -0.318     -0.515     -1.214     -0.690     -0.542 20609      0.000      0.006      0.994      0.000      3.000
    -1.468     -0.860      0.266      0.844     -1.163     -0.961     -0.690 20618      0.992      0.000      0.008      0.000      1.000
     0.019      0.514     -1.019     -0.803     -1.045      0.265     -1.974 20775      0.000      0.000      1.000      0.000      3.000
     0.198     -0.245     -1.127     -0.028     -0.653     -0.654     -2.366 20920      0.000      0.000      1.000      0.000      3.000
     0.264      0.279     -0.461     -1.436     -0.405     -0.774      0.661 21576      0.001      0.008      0.991      0.000      3.000
    -1.457     -1.400      0.494     -0.357      0.907     -1.129      0.808 21659      1.000      0.000      0.000      0.000      1.000
    -0.942     -0.257     -0.251      0.573     -0.897     -0.229     -0.871 21735      0.017      0.001      0.981      0.000      3.000
     0.481     -0.741     -0.540     -0.098      0.235      0.036     -0.325 21747      0.006      0.248      0.746      0.000      3.000
     1.190     -1.329      1.487      1.392      1.490     -1.757      1.251 21990      0.000      1.000      0.000      0.000      2.000
     1.462      0.393      0.981      0.656      0.268      0.114      1.380 22036      0.000      0.970      0.000      0.030      2.000
     0.656      1.734     -0.861     -0.327     -1.682     -0.124      0.562 22095      0.000      0.802      0.198      0.000      2.000
    -0.306      0.020     -0.961      0.008     -0.613     -0.116     -0.477 22120      0.000      0.001      0.999      0.000      3.000
    -1.931     -1.806      0.650      0.491      0.584     -1.247      0.331 22193      1.000      0.000      0.000      0.000      1.000
     0.337      0.200     -1.662     -2.025     -1.995     -0.265     -1.008 22649      0.000      0.000      1.000      0.000      3.000
     0.082     -0.101     -0.636     -0.518     -0.191      0.060      0.419 22856      0.001      0.039      0.960      0.000      3.000
    -0.360      0.638     -0.101     -0.433     -0.006     -0.394     -0.101 23159      0.014      0.075      0.912      0.000      3.000
     0.111      1.144     -1.581     -1.242     -1.552     -0.684     -0.145 23171      0.000      0.000      1.000      0.000      3.000
    -0.014     -1.518     -0.356      0.582      0.008     -0.996      0.143 23359      0.994      0.005      0.000      0.000      1.000
    -0.802      0.051     -0.458     -0.825     -0.876     -0.359     -0.617 23362      0.000      0.000      1.000      0.000      3.000
    -0.757     -0.552     -0.301     -0.269     -0.964     -0.344     -0.521 23429      0.021      0.000      0.978      0.000      3.000
     0.511     -0.389     -0.404      0.482     -0.311      0.486     -1.400 23804      0.000      0.077      0.923      0.000      3.000
    -0.892      0.152      0.176      0.163      0.265     -0.760     -0.243 24448      0.977      0.006      0.018      0.000      1.000
    -0.618     -0.752      0.962      1.078     -0.248     -0.292     -0.765 24789      0.957      0.036      0.008      0.000      1.000
     0.561      0.047      0.991      1.385      0.677     -0.497     -0.425 24859      0.003      0.997      0.000      0.000      2.000
     0.489      0.914     -0.453      0.613     -0.049      0.294     -0.467 24861      0.000      0.889      0.111      0.000      2.000
    -0.318      0.035     -1.153     -1.056     -1.071      0.042     -0.928 25110      0.000      0.000      1.000      0.000      3.000
     1.043      1.271      0.775      1.489     -2.011      1.394      2.115 25276      0.000      1.000      0.000      0.000      2.000
    -1.238     -0.741      0.258      0.221      0.578     -1.265      0.372 25441      1.000      0.000      0.000      0.000      1.000
    -0.613     -0.496     -0.954     -1.491     -1.257     -0.482      0.160 25519      0.000      0.000      1.000      0.000      3.000
     0.603      1.241      0.037      0.235      0.344      0.696      0.171 26090      0.000      0.999      0.000      0.000      2.000
     0.839      0.351      0.701      0.611      0.615      0.466     -0.188 26114      0.000      0.999      0.000      0.001      2.000
    -0.934     -0.067     -1.262     -0.880     -0.783      0.187     -0.187 26386      0.000      0.000      1.000      0.000      3.000
    -0.399     -0.308     -0.231     -1.544      0.105      0.549     -2.316 26831      0.000      0.000      1.000      0.000      3.000
    -1.355     -0.204      0.745      0.442      1.666      1.562      0.404 27371      0.000      1.000      0.000      0.000      2.000
     0.485      0.932     -2.382     -2.013     -2.369      0.976     -1.994 27745      0.000      0.000      1.000      0.000      3.000
     0.788     -1.118      0.479      0.282     -0.434     -0.501     -0.807 28065      0.035      0.880      0.085      0.000      2.000
     1.393      0.991      0.951      1.088      1.185      1.516      0.889 28920      0.000      0.002      0.000      0.998      4.000
     0.527      0.988      0.939      0.074      0.375     -0.971      0.159 29297      0.000      1.000      0.000      0.000      2.000
    -1.149     -0.665     -1.350      0.336      0.709     -0.576      0.106 29910      0.968      0.000      0.032      0.000      1.000
    -0.937     -0.213     -0.878     -1.895     -0.850      0.376     -1.556 30740      0.000      0.000      1.000      0.000      3.000
    -0.761     -1.419      1.413      1.409      1.306     -1.633      0.957 30876      0.996      0.004      0.000      0.000      1.000
    -0.484     -0.097     -0.168     -2.298     -0.911     -0.399      0.475 31452      0.000      0.000      1.000      0.000      3.000
     0.530     -0.598     -0.257      0.090     -0.357     -0.344      0.350 31593      0.036      0.696      0.268      0.000      2.000
     0.666      1.110      0.294      0.390     -3.048     -0.692      0.250 32286      0.000      0.996      0.004      0.000      2.000
     0.111     -0.971      0.083     -0.606     -1.144     -1.171      0.490 32515      0.657      0.124      0.220      0.000      1.000
     0.127      0.037     -0.441      0.154     -0.671     -0.381     -1.429 32948      0.000      0.002      0.998      0.000      3.000
    -0.249      0.302     -0.961     -0.582     -0.923      1.049     -0.176 33164      0.000      0.004      0.996      0.000      3.000
     0.914      1.014      0.691      0.711     -0.104      0.954      1.254 34213      0.000      0.823      0.000      0.177      2.000
     0.843      0.795      0.788      0.613      1.399      1.706      0.826 34285      0.000      0.009      0.000      0.991      4.000
    -0.633     -0.276     -1.644     -0.090      0.102     -0.539     -1.228 34935      0.000      0.000      1.000      0.000      3.000
    -0.609      1.265     -1.885     -1.596     -0.787     -0.089      0.141 35456      0.000      0.000      1.000      0.000      3.000
     1.412      1.785      1.415      0.444      1.245      1.644      1.427 36326      0.000      0.003      0.000      0.997      4.000
    -1.782     -0.489     -0.931      0.634      0.648     -0.927     -0.810 36339      0.994      0.000      0.006      0.000      1.000
     1.032      0.737      1.411      0.713      1.091      1.596      1.264 36351      0.000      0.001      0.000      0.999      4.000
     1.163      0.438      0.859      1.031      1.297      1.131      1.206 36396      0.000      0.005      0.000      0.995      4.000
    -1.050     -0.627     -0.182     -0.416      0.160     -1.122     -0.074 37074      0.998      0.000      0.002      0.000      1.000
     0.307     -0.315     -1.157     -0.739     -1.368     -0.723     -1.043 37264      0.000      0.000      1.000      0.000      3.000
    -0.602     -0.980     -0.142      0.003     -0.253     -1.458      0.694 38418      0.999      0.001      0.000      0.000      1.000
    -0.695     -0.353      0.637     -1.092     -0.908     -0.796     -0.109 38471      0.401      0.002      0.597      0.000      3.000
    -0.702      0.939     -1.523     -0.558     -1.606     -0.110     -0.722 38564      0.000      0.000      1.000      0.000      3.000
    -0.237     -1.439     -0.636     -0.116     -0.090      0.064     -0.897 38660      0.028      0.006      0.966      0.000      3.000
     1.341      0.320      0.378      0.342      0.226      0.988      0.466 38906      0.000      0.978      0.000      0.022      2.000
     0.056     -0.779     -2.156     -1.786     -1.197      0.239     -0.260 38927      0.000      0.000      1.000      0.000      3.000
     0.236     -1.686     -0.643      0.914      0.227     -0.942      0.345 38985      0.967      0.033      0.000      0.000      1.000
    -1.633     -1.541      0.834      0.568      0.910     -1.360      0.845 39052      1.000      0.000      0.000      0.000      1.000
     1.297      1.390      1.477      0.916      1.069      1.504      1.314 39130      0.000      0.001      0.000      0.999      4.000
    -0.788      0.032     -2.078     -1.116     -1.938     -0.453     -1.336 39182      0.000      0.000      1.000      0.000      3.000
    -1.338      0.029     -0.615      1.216      0.011     -0.869     -0.630 39307      0.956      0.001      0.043      0.000      1.000
     0.747     -0.354      1.312      0.617      1.355      0.825      0.904 39389      0.000      0.119      0.000      0.881      4.000
    -0.164      0.969      0.441     -0.715     -0.997      1.286     -2.883 39397      0.000      0.003      0.997      0.000      3.000
     0.359     -0.259     -1.614     -0.633     -1.409      0.729     -0.720 39425      0.000      0.000      1.000      0.000      3.000
    -0.760     -0.915      0.170      0.321      0.498     -1.149      0.083 39545      1.000      0.000      0.000      0.000      1.000
     0.791      0.593      1.025      1.131      1.148      1.330      1.181 39579      0.000      0.004      0.000      0.996      4.000
    -1.288     -1.295      0.287      0.361     -0.069     -0.760     -0.174 39907      1.000      0.000      0.000      0.000      1.000
    -0.770     -0.687      0.441     -0.370      1.345      1.665     -0.172 40230      0.000      1.000      0.000      0.000      2.000
    -1.300     -1.358     -0.287      1.131      0.811     -1.310      0.306 40354      1.000      0.000      0.000      0.000      1.000
    -0.626      0.017     -0.673     -1.389     -0.794      0.042     -0.980 40667      0.000      0.000      1.000      0.000      3.000
    -0.663     -0.868      0.577      0.090      0.042     -0.564     -0.814 40782      0.991      0.001      0.008      0.000      1.000
    -0.860     -1.097      0.321      0.481      0.330     -1.066      0.165 40926      1.000      0.000      0.000      0.000      1.000
    -0.822     -0.151     -1.651     -1.334     -1.234     -0.144     -0.061 41179      0.000      0.000      1.000      0.000      3.000
     1.087     -0.360     -0.887      0.980     -0.212     -0.516     -0.151 41893      0.001      0.878      0.121      0.000      2.000
    -1.476     -1.326      0.115     -0.110      0.171     -1.136      0.203 42054      1.000      0.000      0.000      0.000      1.000
    -1.979     -0.792      0.597     -0.293      0.203     -0.784      0.599 42064      1.000      0.000      0.000      0.000      1.000
    -0.410     -0.415      0.054      0.585      0.208     -0.065      0.631 42089      0.640      0.333      0.026      0.000      1.000
    -0.512     -0.136     -0.092     -0.594     -0.501      0.266     -0.050 42376      0.001      0.007      0.993      0.000      3.000
    -0.899     -0.750     -0.138     -0.435      0.115     -0.291     -0.387 42528      0.829      0.001      0.171      0.000      1.000
    -0.736     -0.701     -0.048     -0.015      0.023     -0.645     -0.524 42735      0.973      0.001      0.027      0.000      1.000
     0.600     -0.503     -1.252     -0.878     -1.952      0.194     -1.657 43099      0.000      0.000      1.000      0.000      3.000
     0.215      0.239     -1.352      0.202     -1.569     -0.431     -2.041 43376      0.000      0.000      1.000      0.000      3.000
    -1.434     -1.496      0.922      0.777      0.825     -1.563      1.102 44523      1.000      0.000      0.000      0.000      1.000
    -0.839     -0.809      0.538      0.454      0.151     -1.240      0.855 44719      1.000      0.000      0.000      0.000      1.000
    -1.643     -1.882      1.245      1.077      1.593     -1.412      0.159 44887      1.000      0.000      0.000      0.000      1.000
     0.276      0.773     -1.721     -0.303     -1.926     -0.415     -0.599 45034      0.000      0.000      1.000      0.000      3.000
     0.653     -0.297     -0.343     -0.093      0.047     -0.587     -0.372 45159      0.021      0.377      0.602      0.000      3.000
     1.048     -0.190      0.993      0.837      1.126      1.638      0.384 45300      0.000      0.074      0.000      0.926      4.000
    -1.142     -1.097      0.368      0.817      0.775     -0.958      0.350 45539      1.000      0.000      0.000      0.000      1.000
    -0.601     -0.218     -0.554     -1.825     -0.774     -0.205     -0.582 45882      0.000      0.000      1.000      0.000      3.000
     0.731      0.431     -1.029     -1.076     -2.125     -1.101     -0.831 46065      0.000      0.000      1.000      0.000      3.000
     1.236      0.439      0.399      1.302      1.097     -1.095      0.794 46094      0.000      1.000      0.000      0.000      2.000
     1.090      1.416      0.520      0.530      0.905      1.637      0.489 46109      0.000      0.053      0.000      0.947      4.000
    -0.271      0.013     -1.451     -1.240     -1.218      0.699     -1.309 46199      0.000      0.000      1.000      0.000      3.000
     0.426      0.507     -1.482     -1.236     -0.848     -0.106     -1.069 46624      0.000      0.000      1.000      0.000      3.000
    -1.088     -1.123      0.239      0.064      0.292     -0.918      0.094 46841      1.000      0.000      0.000      0.000      1.000
     0.133     -0.534     -0.801      0.029     -0.063     -0.447     -1.021 47188      0.004      0.004      0.992      0.000      3.000
    -0.204     -1.441     -0.035     -0.693     -0.039     -0.011     -1.322 48143      0.017      0.002      0.981      0.000      3.000
     1.365     -0.560      0.081      0.549     -0.626     -0.642      0.140 48422      0.000      0.996      0.004      0.000      2.000
    -0.339     -0.037     -0.298     -0.432      0.064     -0.786      0.634 48709      0.780      0.043      0.176      0.000      1.000
    -0.022     -0.217     -1.624     -0.863     -1.256     -0.127     -1.058 49086      0.000      0.000      1.000      0.000      3.000
    -0.872     -0.522     -0.281     -0.775      0.503     -0.466      0.171 49283      0.943      0.000      0.056      0.000      1.000
     0.428     -0.338      0.897      0.370      0.712     -0.676      0.803 49314      0.073      0.927      0.000      0.000      2.000
    -0.776     -1.237     -0.285     -0.127      0.104     -0.925      0.353 49611      1.000      0.000      0.000      0.000      1.000
     0.921      1.257      0.746      0.982      0.582      1.153      0.860 49668      0.000      0.020      0.000      0.980      4.000
    -0.657     -0.983      0.338     -0.051     -0.798     -0.986      0.317 49789      0.997      0.001      0.002      0.000      1.000
    -1.261     -1.330      0.410      0.383      0.590     -1.073      0.351 49841      1.000      0.000      0.000      0.000      1.000
    -0.675     -0.470     -0.341      0.223      0.086     -0.846     -0.013 49847      0.990      0.001      0.009      0.000      1.000
    -0.660     -0.569     -0.558      0.673      1.178     -1.400     -0.430 50420      0.999      0.001      0.000      0.000      1.000
     0.740      1.588      1.336      1.474     -0.639      1.021      0.717 50539      0.000      1.000      0.000      0.000      2.000
     1.369      2.019      0.655      0.559      1.419      1.775      1.561 51122      0.000      0.009      0.000      0.991      4.000
     1.100      0.905      0.903      0.250      1.458      1.270      0.677 51954      0.000      0.042      0.000      0.958      4.000
     1.545      1.445      0.983      0.596      0.485      1.373      1.422 52161      0.000      0.019      0.000      0.981      4.000
    -0.517     -1.049      0.104     -1.272      0.155     -0.428     -0.109 52525      0.838      0.001      0.162      0.000      1.000
    -0.876     -0.309     -0.414     -0.624     -0.070     -0.250     -0.675 52555      0.030      0.000      0.970      0.000      3.000
     1.310      1.492      1.528      0.977      1.509      1.727      1.110 52601      0.000      0.001      0.000      0.999      4.000
     0.946      0.465      0.254      0.658      0.427      0.702     -0.064 52702      0.000      0.998      0.000      0.002      2.000
     1.182      1.053      1.036      1.148      1.449      1.079      1.264 52758      0.000      0.003      0.000      0.997      4.000
     1.538      0.187      0.870      1.263      0.805     -0.912     -1.130 52881      0.000      1.000      0.000      0.000      2.000
    -1.199     -1.359      0.775      0.613      0.562     -1.041      0.145 53093      1.000      0.000      0.000      0.000      1.000
     0.919      1.300      0.227      0.267      0.195     -0.126      0.226 53309      0.000      1.000      0.000      0.000      2.000
     0.221      1.204      1.464      0.705      1.481      1.747      0.713 53342      0.000      0.046      0.000      0.954      4.000
     0.912      0.149     -1.011     -0.469     -0.382     -0.066     -0.960 53642      0.000      0.003      0.997      0.000      3.000
    -1.350      0.718     -0.724     -1.030     -0.381     -1.063     -0.143 53687      0.011      0.000      0.989      0.000      3.000
    -0.456      0.061      0.994      0.867      1.085     -1.503     -0.163 53992      0.894      0.106      0.000      0.000      1.000
     0.477      0.807     -2.251     -1.483     -2.401      0.959     -1.567 54418      0.000      0.000      1.000      0.000      3.000
     1.323      0.783     -0.438      1.241     -0.465      0.869      0.004 54598      0.000      1.000      0.000      0.000      2.000
     0.085      0.127     -0.820     -0.886      0.393     -1.093     -0.634 55004      0.010      0.004      0.985      0.000      3.000
     1.308      1.488      0.956      0.708      1.202      1.714      0.624 55211      0.000      0.003      0.000      0.997      4.000
     0.486      0.583     -0.563     -2.603     -0.629      0.227     -0.866 55531      0.000      0.000      1.000      0.000      3.000
    -0.546      0.039     -1.143     -0.949     -1.002      0.026     -0.797 55595      0.000      0.000      1.000      0.000      3.000
    -1.224     -1.570     -0.061     -0.567     -0.317     -1.250      0.266 56047      1.000      0.000      0.000      0.000      1.000
    -0.633     -0.289     -1.006     -0.399     -0.886      0.002     -1.072 56132      0.000      0.000      1.000      0.000      3.000
    -0.275      0.498     -0.956     -1.550     -1.842      0.002     -1.390 56238      0.000      0.000      1.000      0.000      3.000
    -0.556     -0.415     -0.473     -0.668     -0.363     -0.504     -0.585 56709      0.029      0.000      0.971      0.000      3.000
    -0.158     -0.702     -1.052      0.568     -1.252     -0.388     -1.051 56746      0.000      0.000      0.999      0.000      3.000
    -0.570     -0.373     -1.078     -1.035     -0.497     -0.272     -0.273 56833      0.000      0.000      1.000      0.000      3.000
     1.488      0.330      1.288      0.678     -0.328      0.735      1.286 56936      0.000      0.988      0.000      0.012      2.000
    -0.203     -0.089     -1.612     -0.469     -0.650     -0.245     -1.584 56937      0.000      0.000      1.000      0.000      3.000
    -0.721     -1.077      0.579     -0.166      0.365     -0.917      0.338 56942      1.000      0.000      0.000      0.000      1.000
    -1.054     -1.480      1.108      0.852      0.749     -1.436      0.703 57217      1.000      0.000      0.000      0.000      1.000
     0.079      0.130     -0.253      0.765      0.864     -0.238      0.908 57375      0.015      0.984      0.002      0.000      2.000
    -0.819     -1.131      0.084     -0.028      0.250     -0.874     -0.633 57604      0.999      0.000      0.001      0.000      1.000
    -0.583     -0.667     -0.854      0.018     -0.667     -0.528     -0.064 57809      0.150      0.001      0.849      0.000      3.000
    -1.449     -1.861      0.896      0.374      0.772     -1.292      0.427 58009      1.000      0.000      0.000      0.000      1.000
    -0.460      0.007     -1.204     -1.349     -0.857     -0.042     -1.091 58036      0.000      0.000      1.000      0.000      3.000
    -1.328     -1.325      0.285      0.094      0.155     -0.926      0.584 58748      1.000      0.000      0.000      0.000      1.000
     1.622      1.042      1.422      0.442      1.332     -0.461      1.668 59290      0.000      0.998      0.000      0.002      2.000
     1.187      1.154      0.879      0.517      0.463      1.397      0.695 59439      0.000      0.047      0.000      0.953      4.000
    -1.859     -2.281      1.632      1.184      1.654     -1.878      1.116 60045      1.000      0.000      0.000      0.000      1.000
     0.494      1.372      0.643      0.504     -0.182     -0.054      0.373 60362      0.000      1.000      0.000      0.000      2.000
    -0.650     -1.024      0.268     -0.629      0.847     -0.406     -0.992 60417      0.967      0.001      0.031      0.000      1.000
    -0.621     -0.210     -0.516     -1.424     -1.383      0.289     -1.030 60446      0.000      0.000      1.000      0.000      3.000
    -0.287     -0.106     -1.088     -0.736      0.130      0.075     -1.118 60626      0.000      0.000      1.000      0.000      3.000
     1.125      0.659      0.508      0.833      1.092      0.915      0.406 60713      0.000      0.138      0.000      0.862      4.000
     0.733     -0.108      1.237      0.698      1.313      1.382      0.242 60852      0.000      0.206      0.000      0.794      4.000
    -0.822      0.173     -0.752     -0.109     -0.673     -0.325     -0.636 60876      0.001      0.000      0.999      0.000      3.000
    -0.752     -1.073      0.796      0.847      0.731     -1.222      0.185 60960      1.000      0.000      0.000      0.000      1.000
     0.979     -1.161      0.642      0.458      0.157     -1.279      0.130 60964      0.088      0.912      0.000      0.000      2.000
    -1.554     -1.275     -0.072      0.460      0.518     -0.456      0.904 61110      1.000      0.000      0.000      0.000      1.000
     1.254      1.117     -0.301     -0.161     -0.733      1.776      0.135 61317      0.000      1.000      0.000      0.000      2.000
    -0.822     -0.516     -0.012     -0.574     -0.102     -0.180     -0.355 61688      0.319      0.002      0.680      0.000      3.000
     0.344      0.202     -0.895     -1.400     -0.747     -0.440     -0.096 61796      0.000      0.000      1.000      0.000      3.000
     1.339      1.638      0.018      0.676      1.448      1.790      1.142 61899      0.000      0.071      0.000      0.929      4.000
    -0.942     -1.035      0.372      0.697      0.457     -1.088     -0.342 62211      1.000      0.000      0.000      0.000      1.000
     1.962     -0.640      1.504     -0.500      1.273      0.663      0.923 62789      0.000      1.000      0.000      0.000      2.000
    -0.290     -0.511     -0.040     -0.225     -0.290     -0.726     -0.221 63059      0.790      0.010      0.200      0.000      1.000
    -0.570      0.092     -0.595     -0.984     -0.584     -0.185     -0.720 63154      0.000      0.000      1.000      0.000      3.000
     0.889      1.058     -2.149     -1.510     -1.199     -0.506     -0.173 63550      0.000      0.000      1.000      0.000      3.000
    -0.596     -1.078      0.396      0.365     -0.310     -1.042      0.260 63710      0.999      0.001      0.000      0.000      1.000
     0.103     -0.593     -1.045      0.104      0.113     -0.696      0.009 63742      0.293      0.043      0.664      0.000      3.000
    -1.150     -0.773     -0.555     -1.349     -0.492     -0.124     -0.672 64428      0.002      0.000      0.998      0.000      3.000
    -0.103     -0.046     -0.141      0.569      0.834      0.549     -1.547 64500      0.000      0.417      0.583      0.000      3.000
    -0.950     -0.655      0.049      0.128      0.597     -0.884      0.539 64705      1.000      0.000      0.000      0.000      1.000
    -0.116     -0.001     -1.169     -1.007     -1.050      0.046     -0.999 64748      0.000      0.000      1.000      0.000      3.000
    -0.646      0.223     -1.641     -0.566     -1.382      0.484     -0.550 64936      0.000      0.000      1.000      0.000      3.000
    -1.397      0.093     -1.130     -0.017     -0.582      0.109     -1.991 65088      0.000      0.000      1.000      0.000      3.000
     1.438      0.886      0.952      0.902      0.858      0.520      1.262 65156      0.000      0.043      0.000      0.957      4.000
     0.385      0.723     -1.501     -1.966     -0.247      0.013     -0.967 66290      0.000      0.000      1.000      0.000      3.000
    -0.292     -0.005      0.196     -1.382     -1.103      0.474     -1.271 66311      0.000      0.000      1.000      0.000      3.000
    -0.214     -0.906     -0.736     -0.802     -1.197     -0.583     -0.319 66441      0.002      0.000      0.998      0.000      3.000
     1.315      1.585      0.950      1.064      1.033      1.338      1.112 66491      0.000      0.001      0.000      0.999      4.000
     0.574      0.364     -1.449     -1.842     -1.263      0.164     -0.170 66661      0.000      0.000      1.000      0.000      3.000
    -0.592     -0.512      0.004      0.790      0.266     -1.049      0.342 66785      0.998      0.002      0.000      0.000      1.000
    -1.188     -0.508      0.130     -1.126      0.459     -0.467      0.161 67594      0.974      0.000      0.026      0.000      1.000
     0.858      0.874      0.971      1.492      1.165      1.085      0.640 67734      0.000      0.051      0.000      0.949      4.000
     0.062      0.071      1.546      0.958      1.587      1.655      1.090 68956      0.000      0.232      0.000      0.768      4.000
     0.643      1.192      0.483      0.437     -0.496      0.511      0.968 69002      0.000      1.000      0.000      0.000      2.000
     0.075      0.453     -0.022     -2.106     -0.148     -0.265     -0.071 69193      0.000      0.000      1.000      0.000      3.000
     0.766      1.571      0.705      0.152      1.100      1.851     -0.467 69379      0.000      0.999      0.000      0.001      2.000
    -0.063     -0.198     -1.199     -1.214     -1.287      0.098     -1.066 69804      0.000      0.000      1.000      0.000      3.000
    -0.799     -1.561      0.301     -0.239      0.722     -0.710     -0.835 70511      1.000      0.000      0.000      0.000      1.000
    -1.184     -1.200      0.511     -0.261      0.400     -0.836      0.535 70521      1.000      0.000      0.000      0.000      1.000
    -0.765     -0.321     -0.760     -0.338     -0.496     -0.553     -0.730 70552      0.013      0.000      0.987      0.000      3.000
    -1.139     -1.503      1.178      0.989      1.463     -1.560     -0.090 71174      1.000      0.000      0.000      0.000      1.000
     0.114     -0.935      0.640      1.059      1.263     -1.508      0.226 71207      0.896      0.104      0.000      0.000      1.000
     1.346      0.709      0.692      0.854     -0.388      0.667      1.499 71298      0.000      0.997      0.000      0.003      2.000
     0.955      1.498      1.295      0.646      1.009      0.575      1.048 71924      0.000      0.017      0.000      0.983      4.000
    -0.276     -0.354     -0.781     -0.913     -1.294      0.039     -0.567 72017      0.000      0.000      1.000      0.000      3.000
    -0.564     -0.457     -0.019     -0.352     -0.217     -0.495     -0.822 72110      0.234      0.002      0.764      0.000      3.000
     0.078      0.298     -0.689     -1.676     -0.851      0.124     -1.476 72323      0.000      0.000      1.000      0.000      3.000
     1.010      1.995     -0.477     -0.654     -1.279     -0.129      0.033 72370      0.000      0.945      0.055      0.000      2.000
     0.778      0.862      0.842      0.875      0.195      1.659      1.471 73369      0.000      0.163      0.000      0.837      4.000
     0.653     -0.186     -1.199     -0.315     -0.778      0.410     -0.414 73881      0.000      0.004      0.996      0.000      3.000
     1.410      1.510      1.587      0.998      1.431      0.344      1.173 74369      0.000      0.039      0.000      0.961      4.000
     1.289     -0.599      1.537      1.190      1.422     -0.743      1.041 74501      0.000      1.000      0.000      0.000      2.000
    -0.763     -0.130     -0.666     -1.555     -1.092     -0.207      0.334 74533      0.000      0.000      1.000      0.000      3.000
     0.286      0.935      0.680      0.020      0.446      1.090      0.931 74824      0.000      0.977      0.000      0.023      2.000
     0.459      0.587      0.552      0.411      0.301     -0.829      0.692 74924      0.002      0.998      0.000      0.000      2.000
     0.988      0.803      0.304      0.135      0.652      0.684      1.000 75331      0.000      0.907      0.000      0.093      2.000
     1.050      0.506      0.697      0.308      0.282      0.896     -0.112 76261      0.000      0.998      0.000      0.002      2.000
    -0.709     -0.633     -0.935     -0.777     -0.399     -0.556     -0.807 76785      0.006      0.000      0.994      0.000      3.000
     0.871      0.981      0.811      0.070      0.700      1.202      0.529 76791      0.000      0.591      0.000      0.409      2.000
     0.568      0.450      1.500      1.130      1.416      0.873      1.322 77288      0.000      0.028      0.000      0.972      4.000
     0.158      0.034     -0.522     -0.922     -0.527     -0.174     -0.412 77441      0.000      0.001      0.999      0.000      3.000
     1.184      0.785      0.931     -1.384      0.994      1.207      0.925 77464      0.000      1.000      0.000      0.000      2.000
     0.159      1.585      1.169      1.828     -0.189     -0.594      1.428 78236      0.000      1.000      0.000      0.000      2.000
    -0.219     -0.958      0.192      0.757      0.920     -1.575      0.877 78759      0.986      0.014      0.000      0.000      1.000
    -1.216      0.339     -0.312      0.305      0.217     -0.158      0.495 79261      0.643      0.057      0.300      0.000      1.000
     1.155      0.609      1.217      0.941      1.551      1.089      1.138 79610      0.000      0.003      0.000      0.997      4.000
    -1.394      0.560     -0.449     -0.883     -1.047     -0.222     -0.284 79984      0.000      0.000      1.000      0.000      3.000
     1.466      1.353      1.323      0.743      0.892      1.756      1.355 80544      0.000      0.002      0.000      0.998      4.000
    -0.082     -0.580     -0.612      0.488     -0.557     -0.450     -0.736 80598      0.028      0.011      0.961      0.000      3.000
     1.586      1.605     -0.418      0.115     -0.310      0.359      1.052 80735      0.000      1.000      0.000      0.000      2.000
    -0.639      0.067     -0.429     -0.309     -0.948     -0.448     -0.837 81276      0.001      0.000      0.999      0.000      3.000
     1.472      1.001      0.807      0.669      0.857      1.164      1.209 81426      0.000      0.006      0.000      0.994      4.000
    -1.306     -1.378      0.255      0.403      0.475     -0.942      0.631 81609      1.000      0.000      0.000      0.000      1.000
    -0.581      0.587     -2.153     -0.197     -2.122      0.147      0.301 81726      0.000      0.000      1.000      0.000      3.000
    -1.379     -0.925      0.101      0.272     -0.215     -1.080     -0.130 81810      1.000      0.000      0.000      0.000      1.000
     1.296      0.964     -0.258      0.401      0.157      0.795     -0.589 81924      0.000      0.999      0.001      0.000      2.000
    -0.049     -0.276      1.069     -0.001      1.088      1.693      0.806 81936      0.000      0.994      0.000      0.006      2.000
    -0.090     -0.377      0.492     -0.483      0.972      1.658      0.024 82249      0.000      1.000      0.000      0.000      2.000
    -0.831     -0.847     -0.398     -0.221     -0.406     -0.238     -0.311 82770      0.371      0.001      0.628      0.000      3.000
    -0.986     -1.286      0.754      1.213      1.546     -1.759      1.126 82791      0.998      0.002      0.000      0.000      1.000
    -0.661      0.087     -0.278     -0.401     -0.566     -0.029     -0.617 83188      0.001      0.001      0.999      0.000      3.000
    -0.803     -1.155      0.877      1.020      0.573     -1.203      0.200 83330      1.000      0.000      0.000      0.000      1.000
    -1.450     -0.170      0.840      0.800      0.759     -0.595     -0.470 83637      0.999      0.000      0.000      0.000      1.000
     1.364      1.704      0.956      0.513      0.575      1.094      1.102 83643      0.000      0.017      0.000      0.983      4.000
     1.315      1.257      0.131      0.277      1.189      1.776     -0.799 84010      0.000      1.000      0.000      0.000      2.000
     0.878      0.551      1.024      1.138      0.267      1.347      0.406 84366      0.000      0.415      0.000      0.585      4.000
     1.028     -0.177      0.652     -0.022     -0.752      1.691      0.928 84402      0.000      1.000      0.000      0.000      2.000
    -0.647     -0.167     -0.840     -0.870     -0.737     -0.185     -0.560 84671      0.000      0.000      1.000      0.000      3.000
    -0.154      0.082      0.231     -0.090      0.126     -0.421      0.847 84895      0.280      0.670      0.050      0.000      2.000
    -1.540      0.839     -0.419     -1.617     -0.490      1.143     -1.387 85216      0.000      0.000      1.000      0.000      3.000
     1.351      1.826      1.501      0.793      1.205      1.781      0.896 85423      0.000      0.001      0.000      0.999      4.000
     1.182      0.717      0.298     -0.470     -0.145      1.436     -0.432 85437      0.000      0.999      0.001      0.000      2.000
    -1.232     -2.174      1.116      0.710      1.158     -1.270      0.070 85474      1.000      0.000      0.000      0.000      1.000
     1.100      0.628     -0.014      0.658      1.143      1.671      0.844 85511      0.000      0.184      0.000      0.816      4.000
     1.021      0.800      1.554      0.770      1.562      1.527      0.934 86496      0.000      0.002      0.000      0.998      4.000
     0.343     -0.146     -0.946     -0.520     -0.502     -0.048     -0.850 86873      0.000      0.000      1.000      0.000      3.000
     0.663      0.376      1.403      0.265      0.897      1.670      1.421 87451      0.000      0.070      0.000      0.930      4.000
     0.469      0.186     -0.299      0.056     -0.459      0.325     -0.079 87904      0.000      0.469      0.531      0.000      3.000
     0.934      1.157      1.190      0.763      0.870      1.791      0.540 88316      0.000      0.008      0.000      0.992      4.000
    -1.598     -1.692      0.881      0.323      0.937     -1.357      0.873 88337      1.000      0.000      0.000      0.000      1.000
     0.430     -0.450     -1.272     -2.042     -1.596      0.163     -1.280 88672      0.000      0.000      1.000      0.000      3.000
    -1.156     -0.236     -0.389     -0.115      0.016     -0.347     -0.326 89365      0.579      0.001      0.420      0.000      1.000
     0.670     -0.055      1.275      0.783      1.187      0.504      0.286 89425      0.000      0.765      0.000      0.235      2.000
    -0.873     -0.900      0.107     -0.220     -0.290     -0.613      0.317 89482      0.996      0.000      0.004      0.000      1.000
    -0.319     -0.394     -0.042     -0.099     -0.047     -0.467      0.114 89594      0.817      0.032      0.151      0.000      1.000
    -0.140      0.150     -0.692     -0.309     -0.284     -0.790     -1.560 89877      0.000      0.000      1.000      0.000      3.000
     0.855      0.709      1.007      1.073     -0.747      0.414      1.187 89955      0.000      1.000      0.000      0.000      2.000
    -0.823     -0.595      0.705      1.043      0.491     -1.147      0.208 90639      0.999      0.001      0.000      0.000      1.000
     1.236      0.900     -0.356      0.642      0.820     -1.014     -0.070 90656      0.000      1.000      0.000      0.000      2.000
     1.420      1.668      0.572      0.439      0.797      0.663      1.157 90848      0.000      0.132      0.000      0.868      4.000
    -0.638     -1.080      0.010     -1.178      0.079     -1.052      0.038 91303      0.994      0.000      0.006      0.000      1.000
     0.609      0.625      1.050      0.316      0.088      0.409      0.063 91319      0.000      1.000      0.000      0.000      2.000
     1.092      2.219     -0.988      0.178     -0.341      1.501      0.563 91356      0.000      1.000      0.000      0.000      2.000
    -0.894      0.684     -1.400     -1.458     -0.347     -0.007     -0.856 91414      0.000      0.000      1.000      0.000      3.000
     1.243      0.728      0.119      0.377     -0.715      1.309      1.271 91459      0.000      1.000      0.000      0.000      2.000
     0.625      0.460      1.128      1.258      0.957     -0.309      0.325 91909      0.000      0.999      0.000      0.001      2.000
    -0.213      0.365     -2.102     -1.425     -2.172      0.493     -1.362 92098      0.000      0.000      1.000      0.000      3.000
    -0.993      0.896     -1.855     -0.557     -1.143     -0.458     -1.563 92323      0.000      0.000      1.000      0.000      3.000
    -0.676     -0.214     -1.108     -1.259     -1.199      0.149     -0.780 92727      0.000      0.000      1.000      0.000      3.000
    -0.052     -0.020     -0.645     -0.416     -0.481     -0.449     -0.595 93173      0.001      0.001      0.998      0.000      3.000
    -1.005     -1.205      0.164      0.019      0.002     -0.929      0.206 93692      1.000      0.000      0.000      0.000      1.000
     0.217      1.219      0.481      0.897     -0.758     -0.484     -0.446 94141      0.000      0.989      0.011      0.000      2.000
    -1.178     -0.602     -1.155      0.141     -0.444     -0.651     -0.284 94278      0.337      0.000      0.663      0.000      3.000
     0.722     -0.056     -1.658     -1.470     -1.271     -0.098     -0.984 95846      0.000      0.000      1.000      0.000      3.000
     1.456      0.151     -0.120      0.289     -1.408      1.627      1.047 96298      0.000      1.000      0.000      0.000      2.000
    -0.388     -0.038     -0.596     -0.635     -0.473     -0.272     -0.587 96894      0.001      0.000      0.999      0.000      3.000
     1.053      0.229      0.001      0.340     -0.124      0.243     -0.437 97169      0.000      0.968      0.032      0.000      2.000
    -0.624     -0.834     -0.003      0.788      0.020     -0.582     -0.915 97551      0.978      0.002      0.019      0.000      1.000
     1.264      0.607      0.875      0.699      0.942      0.704      0.955 97740      0.000      0.028      0.000      0.972      4.000
     1.686     -0.667      1.781      0.983      1.227      0.949      0.497 98255      0.000      0.410      0.000      0.590      4.000
    -1.234     -0.948      0.381      0.228      0.365     -1.385      0.252 98284      1.000      0.000      0.000      0.000      1.000
    -0.407     -0.905      1.048      0.274      1.303      1.115      0.686 98324      0.000      1.000      0.000      0.000      2.000
    -0.836     -0.830     -0.701     -0.734     -0.733      0.147     -0.584 98830      0.000      0.000      1.000      0.000      3.000
     1.098     -0.122      0.202     -0.148      0.654      1.286      0.596 99199      0.000      0.998      0.000      0.002      2.000
     0.654      1.223      1.167      1.001      0.785      0.836      0.999 99607      0.000      0.018      0.000      0.982      4.000
     0.422      0.222      1.184      1.203      1.372     -1.424      0.118 99974      0.006      0.994      0.000      0.000      2.000
