49789	4	5	4	3	1	2	1	3	1	3	3	1	1	5	1	3	2	1	1	4	4	4	5	5	3	5	4	4	5	2	5	5	2	4	5	3	5	5	1	3	5	4	5	3	5	3	5	2	5	4	3	1	3	1	2	3	1	4	5	5	3	2	2	4	5
52555	4	3	4	3	2	4	1	3	2	3	4	3	3	4	2	3	2	3	2	3	4	3	4	4	4	3	3	4	4	4	4	3	4	4	3	2	3	4	3	2	3	4	3	4	4	2	4	4	3	3	2	2	3	2	2	2	3	3	4	3	4	3	4	3	4
61796	3	2	2	3	2	3	2	3	3	2	4	3	4	3	3	2	2	3	3	2	3	4	3	3	4	3	4	3	4	3	3	4	3	2	3	2	3	2	2	3	3	4	3	3	3	4	3	4	3	4	3	4	2	3	2	3	3	4	3	4	3	4	2	3	4
56942	4	4	5	3	1	2	4	3	1	3	5	4	4	5	2	1	1	3	1	2	4	3	5	4	5	3	4	4	5	3	4	5	5	3	3	2	5	4	1	2	5	5	2	5	3	4	4	5	4	5	2	2	2	3	2	1	2	4	4	4	5	4	5	3	4
55531	2	5	5	2	4	4	5	5	2	4	2	3	4	1	3	2	2	2	1	3	2	4	5	2	2	4	3	5	1	1	5	3	3	2	3	2	2	3	1	2	3	3	2	4	3	2	2	4	2	2	2	3	4	2	3	5	1	4	3	5	3	4	1	3	2
22649	2	3	1	4	5	3	2	4	4	3	4	3	4	2	5	2	2	4	5	3	5	2	3	3	2	2	1	2	3	2	3	1	3	5	3	1	3	2	1	4	1	2	4	2	1	2	1	3	1	5	4	2	3	4	2	4	5	3	1	1	1	2	3	2	4
65088	4	5	4	4	3	3	3	2	1	2	5	5	4	3	3	2	2	3	1	3	5	3	2	2	3	4	4	3	4	5	4	4	3	2	3	2	4	5	3	2	3	2	1	3	4	3	4	5	3	4	4	1	2	3	4	2	3	4	4	3	4	4	3	2	3
89877	2	4	4	3	2	5	3	3	2	2	2	4	4	2	3	2	4	2	3	3	4	2	5	2	3	4	3	4	4	4	4	3	3	4	3	3	2	3	2	3	4	3	4	3	3	3	3	3	3	4	3	3	2	3	3	4	2	2	4	2	4	2	2	4	3
45882	3	3	3	3	3	4	4	4	2	3	2	4	4	3	3	3	3	3	2	2	3	3	4	4	3	2	3	3	3	3	3	2	3	2	3	3	4	3	2	2	4	3	3	4	4	4	4	3	4	3	2	2	3	3	3	3	3	3	1	4	3	3	3	3	4
21747	4	4	4	2	3	2	4	4	4	2	4	4	4	4	2	3	2	2	3	4	3	3	4	4	4	4	4	4	3	4	4	4	4	4	4	2	4	5	2	2	4	4	3	5	4	4	4	5	5	5	2	4	2	2	2	2	2	4	4	4	4	4	4	4	4
13023	4	1	2	1	4	1	2	4	5	4	4	4	5	4	2	4	4	4	2	5	5	5	5	5	5	5	5	5	4	5	5	5	5	4	4	2	5	5	5	5	5	5	5	5	5	5	5	5	5	5	5	5	5	5	5	5	5	5	5	5	5	5	5	3	3
94278	3	4	5	3	4	2	2	3	3	1	3	4	2	4	3	4	3	2	3	1	3	5	3	2	2	4	4	3	1	4	5	3	5	4	3	3	5	3	1	3	4	4	3	2	4	1	3	2	4	2	5	1	2	4	1	2	4	4	1	2	4	4	4	2	3
22095	3	1	4	3	4	5	4	4	5	5	5	3	4	4	4	5	4	4	4	5	5	4	5	3	2	3	3	5	5	2	4	3	3	4	3	4	3	4	4	4	3	4	2	3	3	3	3	3	3	4	5	3	4	4	4	4	3	2	3	3	4	3	4	3	3
64748	3	3	3	3	3	3	3	4	3	3	3	3	3	3	3	3	3	3	3	3	3	3	3	3	3	3	3	3	3	3	3	3	3	3	3	3	3	3	3	3	3	3	3	3	3	3	3	3	3	3	3	3	3	3	3	3	3	3	3	3	3	3	3	3	3
40926	4	4	4	2	2	2	2	2	2	2	4	4	4	3	2	3	2	2	2	2	4	4	5	4	4	4	4	4	4	4	5	4	4	3	4	2	4	4	2	2	4	4	4	4	4	2	4	4	4	4	2	2	2	2	2	3	2	5	4	4	4	4	4	4	4
89594	3	3	3	4	3	4	3	2	3	2	3	3	3	2	3	3	4	3	5	3	3	3	3	3	3	3	2	4	3	3	2	3	2	3	3	3	3	3	3	4	4	3	4	4	3	2	3	3	4	3	2	2	3	2	2	2	3	3	4	4	3	4	4	4	4
88337	4	5	4	1	2	1	2	1	2	1	4	5	4	5	2	2	1	2	1	2	5	4	5	4	5	4	4	5	4	5	4	5	4	5	4	1	5	4	1	2	5	4	5	4	5	2	5	4	5	4	1	2	1	2	1	2	1	4	5	4	5	5	4	5	5
42376	3	3	3	3	4	2	4	3	5	5	1	4	3	3	3	3	4	3	3	2	3	4	4	5	5	5	3	3	3	3	3	3	3	3	3	3	4	2	3	3	3	3	3	3	3	3	3	3	3	3	3	2	1	1	2	4	3	2	3	4	4	2	3	3	3
45300	1	1	2	5	4	2	2	2	4	4	3	3	4	3	4	3	4	5	4	2	3	3	3	2	2	1	5	3	3	3	4	4	5	5	5	1	5	2	3	2	4	4	3	4	3	3	4	3	3	2	3	4	1	2	2	3	4	3	3	3	2	3	3	3	3
49283	5	5	3	2	1	4	2	5	1	2	3	5	2	1	2	1	3	2	3	1	3	2	3	4	5	5	2	4	4	4	3	4	2	4	4	1	2	4	1	3	5	3	4	2	5	1	3	2	3	5	1	2	2	3	1	4	2	5	3	4	5	3	4	3	5
81276	3	4	3	3	2	3	2	3	2	3	4	3	4	3	2	3	3	2	2	3	2	3	4	3	4	3	3	4	3	4	3	3	4	4	4	2	3	3	2	2	3	4	4	2	3	3	4	3	2	3	2	3	3	2	3	2	3	4	3	4	3	4	3	4	5
96894	3	4	3	3	3	3	3	3	3	3	3	3	3	3	3	3	3	3	3	3	4	3	3	3	3	4	3	3	3	3	3	4	3	3	4	3	3	3	2	2	3	3	3	4	3	3	3	4	3	3	2	3	2	3	2	2	3	3	3	4	3	4	3	3	3
82770	3	3	2	4	3	4	3	2	3	3	4	2	3	4	3	5	2	2	2	3	4	3	3	4	3	3	4	4	4	4	4	3	5	3	3	4	4	4	5	2	2	4	4	3	3	3	4	4	3	2	2	2	3	2	4	1	1	2	3	3	3	4	4	3	5
60876	4	3	4	3	2	4	2	2	3	3	2	4	2	2	4	4	4	3	4	5	3	4	4	4	4	3	3	3	3	3	4	3	3	3	4	5	4	2	3	4	4	4	3	4	4	3	5	4	3	5	2	2	2	4	2	3	4	2	4	3	3	4	4	5	3
72323	2	3	4	4	3	4	3	2	3	4	4	3	3	1	3	3	2	5	3	3	3	3	4	3	4	2	3	2	3	4	2	4	2	3	2	3	4	2	2	4	4	2	3	3	3	3	2	3	3	4	3	3	3	4	2	3	4	4	2	4	2	4	2	3	3
46065	4	2	4	4	5	5	5	5	5	5	4	4	5	1	2	5	4	2	1	2	5	5	5	5	5	5	5	5	5	5	4	4	5	5	5	1	4	4	5	4	4	5	5	4	3	5	5	4	5	5	5	5	5	5	5	5	5	5	5	5	5	5	5	5	4
80598	4	2	4	2	3	4	5	5	2	4	5	5	4	4	2	4	1	1	3	2	1	3	4	3	4	4	1	4	4	3	4	3	4	4	2	2	4	2	1	2	3	3	3	3	3	2	3	3	2	2	4	1	2	2	1	5	4	4	4	4	4	5	4	3	4
11413	2	3	4	5	5	5	5	5	5	4	4	4	5	4	5	5	5	5	4	4	3	5	4	5	2	4	4	3	4	4	5	5	5	5	4	4	4	5	5	4	4	3	2	1	2	5	5	5	2	5	4	4	3	5	2	4	4	5	3	2	4	5	5	5	5
69193	5	3	2	1	4	1	3	1	5	5	4	4	5	1	4	2	1	5	1	4	2	2	4	5	2	5	2	4	2	5	2	4	5	2	5	4	4	1	4	2	2	5	2	4	5	5	2	5	5	2	2	1	2	4	3	5	4	5	2	3	5	4	2	3	5
58748	5	3	4	1	2	3	1	3	2	1	3	4	3	5	2	1	3	2	3	1	4	3	5	4	3	5	4	4	5	3	5	4	3	5	4	3	5	4	3	1	4	3	4	5	3	1	4	3	5	4	1	2	3	1	2	2	1	3	4	5	3	4	5	3	4
23359	4	4	2	5	4	3	2	1	4	5	2	4	5	3	1	3	3	1	2	1	4	5	5	5	5	5	4	4	5	5	5	3	5	1	5	2	2	4	1	3	5	4	4	5	2	3	5	5	5	3	2	1	4	3	1	1	1	3	4	5	5	4	4	5	1
55211	4	1	5	5	4	5	5	5	5	5	4	4	5	2	5	5	3	5	3	5	5	5	5	5	5	5	5	5	5	5	4	3	5	5	5	2	3	5	5	5	4	4	4	3	3	3	5	3	3	4	3	5	5	5	5	5	5	5	5	5	5	5	5	5	3
18368	4	2	3	5	2	4	2	3	4	2	2	1	3	4	3	3	4	3	2	5	2	2	2	1	3	2	2	3	2	3	3	4	3	2	2	3	2	2	3	2	3	1	3	4	4	4	3	3	2	3	2	5	3	4	3	3	4	5	2	1	2	2	2	1	3
36326	4	5	5	2	3	5	4	5	5	2	5	5	5	4	5	5	5	5	5	5	5	2	5	5	3	3	5	3	4	2	5	1	5	5	5	2	5	5	4	3	4	4	5	3	3	3	5	3	2	5	2	4	4	5	5	4	4	4	2	2	5	5	5	5	4
47188	3	4	3	3	2	2	3	2	3	2	3	4	3	3	2	2	2	2	2	3	4	4	3	3	4	4	3	3	4	4	4	3	3	4	3	2	3	3	2	3	3	3	4	3	3	3	3	2	3	4	2	4	2	2	3	3	2	4	3	3	3	4	4	3	4
91414	3	3	3	2	2	3	2	2	2	2	1	2	3	4	4	2	2	3	4	2	3	4	2	4	2	4	4	4	4	4	2	4	3	3	3	2	5	4	3	2	4	3	4	2	3	3	3	2	4	4	3	2	3	3	2	3	2	2	3	1	4	4	2	4	2
38471	4	5	3	2	4	3	5	4	4	3	3	5	4	2	4	3	3	2	1	1	2	4	4	5	3	4	3	5	1	2	1	4	5	5	2	2	4	5	1	2	4	1	1	4	3	5	2	3	2	5	1	3	3	5	3	2	1	4	2	2	3	4	4	4	3
17075	3	4	4	3	3	2	2	4	2	3	3	4	3	4	3	2	2	3	3	3	3	4	4	4	4	3	4	3	3	4	4	4	3	4	4	4	3	3	3	2	5	2	4	3	4	3	4	4	4	3	2	2	2	3	3	4	2	3	4	4	2	3	3	4	2
57604	4	3	3	3	3	2	2	4	2	2	4	4	4	4	2	2	2	3	3	3	3	4	4	4	4	4	4	4	4	4	4	4	4	4	4	2	4	4	2	2	4	4	4	3	4	2	4	4	4	3	2	2	2	2	2	2	2	4	4	4	4	4	4	4	4
50420	1	5	4	2	2	2	1	4	1	3	3	3	4	4	2	1	2	2	2	1	5	5	4	5	5	5	5	5	5	5	5	5	5	5	4	1	5	5	2	1	5	4	5	5	4	1	4	4	4	5	2	2	2	2	2	1	1	5	4	4	4	4	4	5	4
98284	4	4	4	1	2	2	2	2	2	2	4	4	4	5	2	3	3	2	2	2	4	4	5	4	5	4	4	4	4	3	4	4	4	4	5	3	5	4	1	2	5	4	5	4	4	3	4	3	4	4	2	2	2	2	2	2	2	4	4	4	4	4	4	4	4
51122	4	4	5	5	5	5	5	5	5	5	5	5	5	5	5	5	5	5	5	5	5	4	5	5	2	5	5	5	5	2	5	5	5	5	5	5	5	5	5	5	5	5	5	5	5	5	5	5	4	5	5	5	5	5	5	5	5	5	5	5	5	5	5	5	5
44523	4	4	4	2	2	2	2	2	1	1	5	5	5	5	1	1	1	2	1	2	5	5	4	4	5	5	5	5	5	5	5	5	5	5	5	1	5	5	1	1	4	4	4	4	4	2	4	4	4	5	1	1	1	1	1	1	1	5	5	4	5	5	5	5	5
69804	5	3	3	4	4	3	3	3	3	3	3	5	3	3	3	3	3	3	3	4	3	3	3	3	2	3	3	2	1	3	4	4	3	1	4	2	4	3	3	2	2	2	3	3	3	3	3	3	4	3	3	3	3	3	3	3	3	2	3	3	3	4	2	3	2
49841	4	4	5	2	2	2	2	2	2	1	5	5	4	4	1	2	2	2	2	3	5	4	5	4	5	4	4	4	4	4	4	5	4	4	5	2	4	4	2	1	4	4	4	4	4	3	4	3	5	5	3	2	2	2	2	2	2	5	5	4	5	4	4	4	4
81810	5	4	3	1	2	3	3	2	4	2	3	3	2	3	4	2	4	3	1	2	3	5	4	3	5	4	3	3	5	4	3	5	4	3	5	1	4	3	1	2	3	5	4	3	5	2	3	5	4	3	1	2	3	1	2	3	1	4	3	5	4	3	5	4	3
29910	3	4	3	3	2	2	2	2	5	3	3	3	3	3	1	1	4	2	5	3	3	2	4	5	5	5	5	5	4	3	2	2	3	3	4	1	4	5	1	3	1	2	3	4	2	5	3	3	4	4	2	3	2	3	4	4	2	4	3	5	1	3	5	1	2
97740	4	3	1	5	3	4	5	5	5	5	5	5	3	3	3	2	5	3	3	5	3	3	3	4	4	4	4	4	4	4	4	4	5	5	5	1	5	5	5	5	4	5	5	4	5	5	5	5	4	5	5	5	4	5	4	2	2	4	4	4	4	4	4	3	4
93173	2	3	4	3	4	4	3	3	3	2	3	4	3	4	4	3	2	4	3	2	4	5	3	3	4	4	5	3	4	4	5	3	5	3	4	2	5	3	2	2	5	4	5	3	4	2	5	4	5	3	1	2	3	2	1	3	2	4	4	5	3	4	5	3	4
16730	3	2	4	5	5	5	5	5	5	5	5	5	5	5	5	5	5	5	5	5	5	3	5	5	5	5	5	4	5	5	5	5	5	5	5	5	5	5	5	5	5	5	5	5	5	5	5	5	5	5	5	5	4	5	5	5	5	5	3	5	5	5	5	5	5
53992	5	2	3	3	2	3	2	2	2	1	4	4	5	4	4	3	3	4	1	4	5	5	5	4	4	5	5	5	5	3	5	5	5	5	5	1	4	5	1	2	5	4	5	5	5	3	5	5	5	4	2	1	1	1	1	2	2	5	5	5	5	4	4	5	5
14961	1	5	4	1	3	5	5	5	5	3	1	4	3	1	3	4	2	3	3	2	5	5	5	5	4	5	5	5	5	5	3	5	5	4	4	1	4	5	4	2	5	3	4	4	5	5	5	4	4	4	4	1	5	3	5	4	5	4	3	5	5	4	5	4	5
48422	2	4	2	3	5	3	5	4	3	4	3	1	2	2	3	5	4	3	5	3	1	2	3	2	3	1	2	4	2	3	1	3	1	2	4	4	3	1	3	5	2	3	5	3	1	4	1	5	3	1	3	5	4	2	4	3	5	3	4	2	3	2	3	1	2
15344	3	3	3	3	3	3	3	3	3	3	3	3	3	3	3	3	3	3	3	3	3	3	3	3	3	3	3	3	3	3	4	3	3	3	3	3	3	3	3	3	3	3	3	3	3	3	3	3	3	3	3	3	3	3	3	3	3	3	3	3	3	3	3	3	3
21735	1	3	2	1	4	2	1	3	4	2	5	2	3	4	1	1	2	4	2	1	5	5	4	5	4	5	2	4	3	4	5	4	2	3	4	2	5	2	1	3	5	2	5	5	2	2	3	4	5	5	4	2	4	3	2	4	2	5	4	3	5	3	2	5	3
37074	3	4	4	2	2	1	2	2	4	3	3	3	3	3	1	2	3	2	2	2	2	3	3	3	4	4	3	4	4	3	3	4	4	4	5	2	3	4	2	2	2	4	4	4	3	3	4	4	4	2	2	2	3	3	2	3	2	3	4	5	4	4	3	3	3
10310	3	1	4	2	3	3	4	4	4	4	3	3	4	3	3	2	3	3	3	2	3	4	3	3	3	3	3	3	3	3	3	3	3	3	4	3	1	3	2	2	3	3	3	4	4	3	4	3	4	3	3	4	2	2	4	4	2	3	4	2	2	3	3	4	4
56746	4	2	3	2	4	2	2	4	3	3	3	4	4	3	3	3	4	3	3	3	3	2	3	2	4	4	4	3	4	3	4	5	5	4	4	2	3	3	4	3	3	3	3	4	4	3	3	3	5	4	1	3	3	4	4	3	1	5	5	1	3	2	4	4	4
36339	3	3	4	2	4	4	3	4	4	5	3	3	2	3	2	5	2	3	4	3	2	4	4	5	5	5	3	3	2	3	2	4	3	4	2	2	3	4	1	2	1	4	3	4	3	2	3	3	3	3	3	2	3	4	3	3	3	4	1	3	2	2	3	3	3
56238	2	3	1	3	2	4	2	2	3	2	3	2	2	2	5	4	3	3	4	3	2	4	2	3	4	3	4	4	4	3	4	2	3	5	3	3	2	2	3	1	3	3	1	2	2	3	4	3	4	5	3	3	3	1	3	2	4	5	2	2	3	3	3	2	2
21659	4	5	4	1	2	1	3	2	1	1	4	5	4	4	1	2	1	3	4	2	5	4	5	4	3	5	4	4	5	5	3	4	5	4	4	2	5	4	1	2	4	5	4	5	5	2	3	4	5	4	1	2	3	2	1	2	1	3	5	4	3	4	5	4	5
60960	4	3	4	1	2	1	2	3	2	2	3	4	5	4	3	2	1	2	2	2	4	5	4	5	4	5	4	5	5	5	4	4	5	4	4	1	4	5	2	2	5	5	4	5	4	2	4	5	5	4	1	1	2	2	1	2	2	5	5	4	4	5	5	5	4
39397	1	5	3	5	1	1	3	2	4	3	2	3	1	5	3	4	5	4	3	5	3	1	5	5	5	1	2	3	1	5	5	3	2	3	4	4	1	2	1	2	3	4	2	3	1	5	2	1	5	5	2	4	3	1	3	2	4	3	5	1	1	2	4	4	1
29297	1	1	1	5	5	2	4	4	1	5	3	4	5	5	5	5	5	2	1	5	5	5	5	5	5	4	5	5	4	5	4	5	4	5	4	2	4	4	5	4	2	4	4	5	3	2	4	4	3	3	4	4	4	5	5	5	5	4	5	5	5	5	4	5	5
84402	4	5	4	3	3	5	5	5	5	5	3	3	5	3	2	4	3	3	2	2	5	4	4	5	4	5	4	4	5	4	5	4	4	5	4	1	4	5	5	3	3	3	3	3	4	5	4	3	3	3	4	5	5	5	5	5	4	5	4	4	4	5	4	4	3
83330	3	4	5	2	1	2	4	3	1	1	4	5	5	4	1	3	2	1	1	4	3	5	5	3	4	3	4	5	3	5	3	4	5	3	4	1	3	4	4	2	5	4	4	5	4	3	4	5	4	5	3	2	1	3	2	2	1	3	4	5	4	3	4	5	4
40782	3	4	3	3	3	2	2	3	3	2	4	3	2	4	3	2	3	2	3	2	3	4	3	4	3	2	3	4	5	3	4	5	4	3	4	2	4	5	3	2	4	3	2	4	2	3	3	3	2	1	2	3	2	3	2	2	4	4	3	4	3	3	4	2	3
17732	4	4	4	4	3	5	4	4	4	3	4	4	5	3	3	4	4	3	3	4	4	4	4	5	4	4	4	5	4	3	5	4	4	4	3	4	4	4	4	3	3	4	4	4	4	4	3	3	4	4	4	3	2	2	3	2	3	4	3	3	4	4	4	4	4
38927	3	4	3	3	5	3	2	5	3	1	3	2	3	3	5	1	4	2	5	3	4	2	3	2	5	2	3	4	1	4	2	1	4	1	3	4	3	1	5	2	2	4	2	4	4	4	4	3	1	5	4	2	3	5	3	1	5	3	3	3	1	2	1	5	1
46624	2	3	3	2	2	1	2	2	2	2	5	3	5	3	2	3	1	3	3	2	4	3	5	4	2	4	4	4	3	4	5	4	4	4	3	2	5	3	2	2	3	4	4	4	4	3	3	3	4	3	2	2	3	2	3	2	2	5	4	4	4	3	5	4	4
76785	3	4	4	3	2	2	1	3	2	2	3	4	3	5	3	3	1	3	2	3	5	5	3	3	3	4	4	3	4	4	4	2	4	5	4	4	4	4	3	3	3	4	2	3	1	3	4	3	4	4	3	2	4	3	4	3	4	4	2	3	5	4	3	4	4
38418	5	5	5	1	2	1	1	5	2	2	2	4	4	4	4	3	2	2	2	2	4	4	3	3	4	4	4	4	4	4	4	4	4	3	4	2	3	4	2	2	4	3	3	4	4	2	4	3	3	3	1	2	2	2	3	3	3	3	4	4	4	4	4	4	4
56047	3	5	3	4	4	2	1	2	2	1	2	4	5	5	2	3	4	1	1	1	4	5	5	5	5	5	5	5	3	4	5	3	4	4	4	1	2	5	1	2	4	5	4	4	5	2	3	4	4	3	2	2	3	2	2	2	2	5	5	5	5	4	4	4	2
12671	5	1	5	1	1	1	1	1	1	1	4	4	4	4	1	1	1	1	2	4	4	5	4	4	4	5	5	3	5	5	5	5	5	5	5	1	5	4	1	1	4	4	4	5	5	2	5	5	4	5	1	1	2	1	2	1	1	5	5	5	5	4	5	5	5
18507	4	4	4	3	4	4	4	4	4	4	4	4	4	4	4	4	4	4	4	4	5	5	5	5	5	5	5	5	5	3	5	5	5	5	5	5	5	5	5	5	5	5	3	5	5	5	5	5	3	5	5	5	5	5	5	5	5	5	5	5	5	5	5	5	5
42528	4	3	3	3	2	3	2	2	3	2	3	4	4	3	2	3	3	3	2	3	3	4	3	4	3	3	3	3	5	3	4	4	4	3	3	2	4	4	3	3	3	4	3	4	3	3	4	3	3	4	2	2	3	2	3	3	2	3	4	4	4	3	3	3	3
33164	3	3	3	3	3	3	4	4	4	4	4	4	4	4	4	4	2	4	2	4	3	4	4	4	4	4	4	4	4	4	4	4	4	4	4	2	4	4	4	4	2	3	3	3	3	3	3	4	4	4	2	5	4	5	5	5	5	4	4	4	4	4	4	4	4
58036	4	3	3	3	3	3	3	3	3	3	3	3	3	3	3	3	3	3	3	3	3	3	3	3	3	3	3	3	3	3	3	3	3	3	3	3	3	3	3	3	3	3	3	3	3	3	3	3	3	3	3	3	3	3	3	3	3	3	3	3	3	3	3	3	3
64428	4	3	3	3	2	2	2	3	2	2	3	3	5	3	1	2	3	2	1	2	5	4	4	5	3	2	5	4	5	3	3	5	5	4	4	1	4	4	2	1	4	4	4	4	4	2	3	2	4	4	1	3	3	2	2	3	2	3	5	4	1	5	4	4	4
73881	2	4	4	2	4	3	4	4	3	4	4	4	4	3	4	4	3	2	3	4	4	4	3	3	4	4	3	4	4	3	4	4	3	3	3	3	4	3	3	4	2	3	4	4	3	3	4	3	4	3	3	2	3	3	2	2	2	4	4	3	4	3	3	5	4
13763	4	4	1	2	3	4	5	5	2	5	4	4	4	4	2	2	2	2	2	2	4	4	4	4	4	4	4	4	4	4	4	4	5	5	4	1	5	5	3	2	4	4	4	3	4	2	4	4	4	4	2	2	2	2	2	1	2	4	4	4	4	4	5	5	5
66311	3	2	4	4	3	4	5	5	5	4	3	3	5	1	4	5	4	4	4	4	4	4	4	5	3	4	4	4	5	5	5	5	4	4	4	4	4	4	4	4	3	3	4	3	3	3	3	4	4	4	4	4	3	4	4	4	4	4	3	4	5	4	4	4	4
72110	4	3	4	3	2	2	3	4	3	3	4	3	3	4	3	4	3	3	2	3	4	3	3	4	3	3	4	3	4	3	3	4	3	3	4	4	4	4	3	3	2	3	4	3	2	4	2	4	3	3	3	2	4	3	2	3	3	3	3	4	2	4	2	4	3
22856	4	4	3	5	3	5	2	2	3	3	3	4	5	2	5	2	5	1	3	2	3	3	2	2	4	4	3	3	5	3	3	5	4	4	2	4	2	3	3	2	4	5	4	3	3	2	4	4	3	4	2	2	3	4	4	4	1	4	5	5	5	4	4	4	5
88672	4	3	2	3	4	4	3	5	5	3	5	3	2	3	3	3	2	3	3	3	3	4	3	2	4	4	4	3	3	3	3	2	2	3	3	3	3	3	2	4	4	2	3	4	2	2	3	3	2	3	2	3	3	2	3	4	2	3	3	4	4	3	3	2	2
86873	3	4	2	2	4	4	3	5	4	3	4	3	3	4	4	3	5	3	2	3	2	3	4	3	2	4	3	4	2	4	3	4	2	3	4	3	3	2	2	3	2	4	3	4	2	2	3	3	4	2	2	4	2	3	4	2	3	2	4	2	4	4	2	3	4
84671	3	4	1	1	3	2	4	2	4	2	2	4	3	5	4	2	3	2	4	3	2	4	3	5	2	1	5	2	4	3	2	4	2	4	3	4	4	3	2	4	4	2	4	2	4	4	4	2	4	2	1	4	2	4	3	2	4	4	3	1	2	5	4	3	2
49847	4	3	3	2	2	3	2	1	3	2	4	4	4	5	2	2	2	1	2	1	4	3	5	3	4	5	4	3	5	3	4	4	4	4	4	3	3	5	2	3	4	4	4	5	3	1	3	4	3	5	3	2	3	2	3	3	3	3	3	4	3	4	3	3	4
45539	4	4	4	2	2	2	2	2	2	2	4	4	4	4	2	2	2	2	2	2	4	4	4	4	4	4	5	4	4	4	4	4	5	5	4	1	5	5	1	1	5	4	5	4	5	1	5	5	5	5	2	1	1	1	1	1	2	5	5	5	4	5	5	4	3
70511	4	5	3	1	1	3	2	3	1	2	2	5	3	4	1	3	1	3	1	1	3	3	4	5	5	3	5	2	4	2	4	5	4	2	5	4	4	3	1	4	1	5	4	3	2	3	5	2	4	2	3	4	1	2	5	2	4	2	5	1	2	4	4	5	1
38906	4	4	3	4	3	5	4	5	3	2	5	5	3	4	3	4	3	4	3	4	4	5	4	5	4	5	4	4	4	5	5	5	5	5	4	4	4	5	4	2	4	4	4	3	2	3	2	2	4	4	4	4	4	2	4	2	2	5	4	4	4	2	4	2	4
39307	4	4	3	1	3	4	2	4	2	3	3	4	2	3	4	4	2	3	2	1	3	3	3	4	4	3	3	4	4	3	4	4	3	3	4	4	5	4	2	1	4	3	4	4	4	3	4	4	3	4	1	3	2	3	3	3	2	4	5	4	4	4	3	4	4
95846	3	3	3	4	4	4	2	2	3	4	3	4	4	3	3	3	2	3	4	3	2	4	2	4	5	4	2	2	3	4	3	3	3	4	3	3	4	3	2	3	2	2	4	4	4	2	4	3	5	3	4	2	2	4	5	2	3	3	3	3	3	3	2	3	3
44719	4	3	5	2	1	2	1	2	3	4	4	5	4	3	1	1	2	2	2	1	5	4	4	5	4	4	4	4	5	4	4	5	3	5	3	2	4	4	3	1	4	5	4	3	4	1	4	4	3	4	1	3	2	1	2	3	2	3	4	5	4	4	5	3	3
71298	3	4	4	4	4	4	5	5	5	5	4	4	3	4	4	4	3	4	4	4	5	3	4	4	4	4	4	5	5	5	5	5	5	5	5	2	5	5	5	4	2	4	3	2	2	4	2	4	4	4	5	5	2	5	2	4	4	4	4	4	5	5	5	5	5
60446	4	2	2	4	2	5	3	3	3	3	2	2	4	2	2	3	2	4	3	4	2	4	2	4	4	5	3	3	4	3	3	2	3	3	2	4	4	4	2	4	4	4	4	3	2	3	4	4	3	3	3	3	3	4	4	2	4	3	3	3	3	4	3	5	3
72017	4	3	3	4	2	2	2	3	3	3	4	2	2	4	3	4	2	4	4	5	2	1	3	1	4	3	3	2	3	1	3	3	4	4	2	3	4	2	5	5	2	4	2	2	3	3	2	4	3	3	3	4	3	3	3	2	3	3	4	3	4	3	5	4	5
92323	2	3	1	5	3	3	3	5	5	5	5	1	3	1	3	1	4	2	5	3	1	3	1	3	2	3	2	4	2	3	2	4	2	4	3	4	3	2	4	5	2	3	1	3	1	3	1	4	3	3	5	4	4	5	3	2	5	4	2	2	3	4	4	1	4
62789	5	1	5	1	5	5	5	5	5	5	5	5	5	5	5	5	1	5	1	5	5	5	1	5	1	4	4	5	5	5	5	1	5	5	5	1	5	5	5	5	5	1	5	5	5	5	5	5	5	5	5	5	5	1	1	5	1	5	1	5	5	5	5	5	5
16022	5	4	4	1	2	1	2	4	5	2	4	5	4	5	2	1	1	2	1	1	4	4	4	5	4	5	4	5	5	4	5	5	4	5	4	1	4	5	1	2	4	5	4	5	4	1	4	4	5	5	1	2	1	2	2	1	2	5	4	5	4	4	5	4	5
57375	2	3	5	2	4	3	4	3	3	2	4	5	5	4	5	2	2	4	3	3	5	5	5	5	4	5	5	5	5	4	5	5	5	5	3	4	5	4	5	5	4	4	5	4	4	4	4	4	4	4	4	4	3	3	4	3	3	5	4	4	5	5	5	5	5
59290	5	4	4	2	4	3	3	4	4	3	3	3	5	3	4	4	4	4	1	4	2	2	2	4	4	4	5	5	5	5	5	2	5	5	5	4	5	5	4	5	5	5	5	5	3	4	5	5	3	5	4	5	5	5	5	5	2	5	3	4	5	5	5	5	5
25441	4	3	4	1	2	1	3	2	1	1	4	3	4	5	2	2	4	1	2	2	5	4	5	4	5	3	3	5	4	4	5	5	4	4	3	2	2	5	1	2	4	4	5	3	4	2	4	4	5	4	3	1	3	1	2	3	2	4	5	4	5	3	5	4	4
54418	2	2	2	4	4	4	4	4	4	4	2	2	2	2	4	4	4	4	4	4	2	2	2	4	2	3	2	2	2	2	2	2	2	2	2	4	2	2	4	4	2	2	2	2	2	4	2	2	2	2	4	4	4	4	4	4	4	2	2	3	2	2	2	2	2
34935	2	3	3	2	3	3	4	3	2	3	4	2	2	1	4	3	3	3	3	2	3	2	3	3	3	3	3	3	2	3	1	4	3	4	3	2	2	2	3	2	3	2	1	3	2	3	3	3	4	3	3	3	2	3	4	2	1	5	4	5	3	1	3	3	4
46199	1	2	2	5	2	2	2	3	2	2	5	4	4	4	2	1	2	2	2	2	4	3	1	4	2	1	5	5	4	2	2	2	5	5	5	4	4	1	2	2	4	3	1	3	3	4	5	3	2	3	3	3	2	1	4	2	3	2	3	3	1	5	1	1	3
66785	4	4	4	3	2	2	3	3	2	2	4	3	4	3	2	2	2	2	3	3	4	4	4	3	4	3	3	4	5	5	4	4	4	4	3	1	4	5	2	2	5	5	4	4	4	3	4	5	4	4	2	3	1	2	3	2	2	3	4	4	3	4	4	4	4
57217	5	5	5	2	2	1	2	2	1	2	4	4	5	4	2	2	1	1	2	1	4	5	4	5	5	5	5	5	4	5	4	4	5	5	5	2	5	5	2	1	4	4	4	5	4	1	5	5	5	4	2	1	1	1	2	1	1	5	5	4	5	5	5	4	4
20618	4	3	4	4	2	3	5	4	5	3	3	3	4	5	1	3	2	1	2	1	4	4	5	4	5	3	5	5	4	5	3	5	5	2	2	2	1	2	1	1	3	2	4	5	5	1	5	4	5	3	1	3	3	2	2	2	2	5	3	4	5	3	4	4	3
84895	1	3	4	2	3	3	3	3	3	3	3	3	3	3	3	3	3	3	3	3	3	3	3	3	3	3	3	4	3	3	2	3	2	2	3	2	3	3	2	3	4	3	3	3	4	3	3	3	2	2	3	3	3	3	2	3	3	4	4	4	4	4	4	4	4
74533	2	3	1	2	4	4	3	3	4	5	2	4	4	5	4	3	4	2	5	2	3	2	4	5	2	3	2	4	1	5	2	4	2	5	4	3	2	5	3	1	2	5	2	4	4	2	5	4	3	5	2	2	4	4	2	3	1	3	2	5	3	3	2	4	4
85423	5	1	1	3	5	5	5	5	5	5	5	5	5	3	5	5	5	5	5	5	5	5	5	5	5	5	5	5	5	5	5	5	5	5	5	5	5	5	5	5	5	3	1	3	1	5	5	5	3	5	5	5	3	5	5	3	3	5	5	5	5	5	5	5	3
92098	2	3	2	3	4	3	4	3	4	3	3	2	3	2	3	4	3	4	4	3	2	3	2	2	3	2	3	3	3	2	2	2	2	2	3	3	3	3	4	3	2	2	3	2	2	3	3	2	2	3	4	4	3	4	3	3	4	2	3	2	3	2	2	3	2
61110	4	5	4	3	2	1	3	2	2	2	4	5	4	5	1	3	2	2	1	1	4	4	5	5	3	3	4	5	5	5	5	4	3	4	4	1	5	5	2	1	5	5	4	5	4	4	5	5	5	5	2	2	2	2	1	2	1	4	4	5	4	4	4	5	4
39389	1	2	5	1	1	1	5	5	5	2	5	5	5	5	1	4	4	5	5	1	5	2	4	4	5	5	5	5	5	2	5	5	5	5	5	1	5	5	5	5	4	5	5	5	5	1	5	5	5	5	5	1	5	5	5	2	1	5	5	5	5	5	5	5	5
40354	5	2	4	1	3	2	5	5	5	5	5	5	5	5	5	5	5	5	5	5	5	5	2	2	4	4	5	2	2	4	4	4	3	4	4	4	4	5	2	3	5	3	5	3	4	2	5	4	5	3	1	1	2	1	2	2	3	3	3	4	5	3	4	5	5
89482	4	3	5	3	2	3	1	3	2	3	3	4	5	5	3	2	1	3	1	2	3	4	3	4	5	3	3	4	5	4	3	3	5	3	4	1	3	4	1	3	5	5	3	5	4	3	4	5	4	3	2	1	3	2	1	3	1	4	3	5	3	5	3	5	4
39545	4	5	4	2	1	2	3	2	1	2	5	4	2	4	1	2	1	3	2	1	3	5	5	3	5	4	5	3	3	4	5	4	5	5	3	1	3	4	1	3	5	4	5	3	5	3	4	3	4	5	2	1	3	2	1	3	2	4	5	4	5	2	4	5	5
49611	4	4	4	2	2	2	2	2	2	2	4	4	4	4	2	2	2	2	2	2	4	4	4	4	4	4	4	4	4	4	4	4	4	4	4	2	4	4	2	2	4	4	4	4	4	2	4	4	4	4	2	2	2	2	2	2	2	4	4	4	4	4	4	4	4
93692	4	4	4	2	2	1	2	3	2	2	4	4	4	4	2	2	1	2	2	2	4	5	4	3	3	3	4	4	4	4	4	4	4	4	4	2	4	4	2	2	4	4	4	4	4	2	4	4	4	4	2	2	2	2	2	2	2	4	4	4	4	4	4	4	4
96298	3	5	5	3	5	5	5	5	5	5	1	1	5	1	2	5	5	3	1	5	3	3	3	3	5	5	5	4	3	3	4	4	4	4	4	2	5	4	3	2	5	1	1	1	1	5	1	1	1	1	3	5	5	5	5	5	2	5	1	5	5	5	5	5	5
70552	4	3	4	2	2	2	2	3	4	5	4	4	4	4	3	4	3	2	2	2	3	3	4	3	3	4	4	4	4	4	4	4	4	4	4	4	4	4	2	2	4	2	4	4	4	3	3	4	4	4	1	2	2	2	3	3	2	4	4	3	3	4	3	4	3
52758	4	2	2	4	3	4	4	4	4	4	3	4	4	4	4	5	3	3	2	4	5	3	4	4	4	4	4	4	4	3	4	4	4	4	4	2	4	4	4	4	3	4	4	3	4	4	4	4	4	4	4	4	4	4	5	5	5	5	4	5	4	4	4	4	4
91303	4	1	4	2	4	2	5	5	2	5	4	4	4	3	3	2	5	5	4	5	4	4	4	5	4	4	4	4	4	4	4	3	4	4	5	5	4	4	2	5	4	1	4	4	5	1	5	1	4	4	2	5	5	5	5	4	5	5	5	5	5	5	5	5	5
11035	4	4	4	2	2	2	2	2	2	2	4	4	4	4	2	2	2	2	2	2	4	4	3	4	3	4	4	4	4	4	3	4	4	4	4	2	4	4	2	2	4	4	5	5	5	2	4	4	4	4	2	2	2	2	2	2	2	4	4	4	4	4	4	4	4
10994	4	4	3	3	3	4	3	2	3	4	3	3	3	2	3	5	3	3	2	3	4	3	4	3	4	4	4	4	3	4	3	1	2	3	4	4	3	4	3	3	2	3	4	3	4	3	3	4	2	3	2	1	3	3	2	2	2	4	3	2	4	3	4	3	3
61317	4	2	4	4	4	5	5	5	5	5	3	4	4	3	4	4	4	3	3	4	4	4	4	4	3	4	4	4	4	3	5	4	4	4	4	5	4	4	5	4	4	4	3	3	3	3	3	3	3	4	5	5	4	4	5	4	4	4	4	5	5	4	4	4	4
43376	1	3	2	1	2	5	4	4	5	3	1	3	4	3	3	1	3	3	3	5	2	4	5	3	1	2	4	2	3	4	4	5	5	4	2	4	2	1	3	2	5	4	3	1	2	5	4	3	4	4	5	4	3	5	5	3	2	5	4	4	5	3	3	1	1
79261	4	4	4	2	2	3	3	3	2	3	4	4	3	4	3	2	2	3	2	3	4	3	4	4	4	3	4	4	2	4	4	4	4	3	4	3	4	4	3	2	4	2	2	3	4	3	4	4	5	3	1	2	2	2	2	1	2	5	4	4	5	4	3	4	3
44887	5	5	5	1	1	1	1	1	1	1	5	5	5	5	1	1	1	1	1	1	5	5	5	5	5	5	5	5	5	5	5	5	5	5	5	1	5	5	1	1	5	5	4	5	5	2	5	4	5	5	1	1	2	1	1	2	1	5	4	5	5	4	5	5	5
66290	4	4	4	4	5	3	5	5	4	4	4	5	5	2	1	2	4	4	3	3	4	5	3	5	2	4	2	3	5	4	4	5	3	3	1	3	5	4	4	4	2	5	2	2	4	4	2	3	3	1	4	1	3	2	1	5	4	2	3	2	2	3	2	2	3
42089	4	5	3	3	1	4	5	1	3	5	2	4	3	4	4	3	5	4	1	4	3	4	5	3	2	4	5	3	2	3	2	5	4	3	5	3	4	3	2	2	4	3	4	5	3	1	4	4	5	3	2	2	3	4	4	3	1	4	3	4	2	2	4	5	4
23171	4	3	2	4	4	4	4	4	4	4	2	2	2	2	4	4	4	4	4	4	2	2	2	2	4	2	2	2	2	2	2	2	2	2	3	3	3	2	4	4	2	4	2	2	2	4	2	2	2	2	1	4	4	4	4	4	4	2	2	2	4	2	2	2	2
56132	4	4	4	3	3	4	2	3	3	2	4	3	3	2	2	3	3	3	2	2	4	4	4	3	3	3	3	3	3	3	3	3	3	3	3	2	4	4	3	2	4	4	4	4	3	3	3	3	2	3	3	3	3	3	3	3	3	3	4	4	4	4	3	4	4
14086	2	3	4	4	3	4	3	4	4	5	3	2	1	2	3	4	4	3	3	4	2	3	2	2	1	3	3	2	2	3	3	2	3	4	2	4	3	2	4	3	3	2	2	2	3	2	2	2	3	2	4	3	4	4	4	3	4	3	3	2	2	2	3	3	2
78759	3	4	3	4	2	3	2	3	2	3	4	3	4	3	2	3	2	3	2	2	3	4	2	4	3	4	3	4	4	3	4	3	4	4	3	2	3	4	2	3	4	3	4	4	3	4	3	3	4	4	3	3	2	2	2	2	2	4	4	4	4	4	4	4	4
92727	3	3	3	3	3	3	3	3	3	3	3	3	3	3	3	3	3	3	3	3	3	3	3	3	3	3	3	3	3	3	3	3	3	3	3	3	3	3	3	3	3	3	3	3	3	3	3	3	3	3	3	3	3	3	3	3	4	3	3	3	3	3	3	3	3
79984	3	5	2	2	1	3	4	4	3	2	5	3	3	5	1	2	3	5	3	5	4	1	3	3	4	4	3	5	5	2	4	2	3	5	4	4	1	2	3	2	5	2	4	3	3	3	3	4	4	3	4	2	4	2	3	3	2	1	4	5	5	3	4	3	5
42064	1	4	4	2	2	2	2	2	4	2	5	4	5	4	2	2	1	2	2	1	5	5	5	4	3	3	5	5	5	5	4	5	4	4	4	2	5	4	1	1	5	5	3	3	5	1	5	5	5	5	1	1	1	1	2	1	1	5	5	4	4	5	4	5	5
81924	1	4	4	4	3	3	3	4	4	4	3	3	4	4	4	4	4	4	4	4	4	4	3	4	4	5	5	5	5	5	5	3	3	3	3	3	3	4	3	2	3	3	3	4	3	2	4	2	2	3	3	4	4	4	4	4	4	2	2	2	4	4	4	4	4
52161	3	1	1	5	5	3	5	5	5	5	5	5	5	4	5	5	5	5	5	5	5	5	5	4	4	5	5	5	5	4	5	1	5	5	5	2	5	5	5	5	5	4	4	4	4	5	5	5	3	5	5	5	4	5	4	5	5	5	5	5	5	5	5	5	5
85216	3	2	5	5	3	3	4	5	3	2	5	3	3	3	4	4	2	4	2	3	4	5	3	4	5	3	1	1	1	2	3	2	2	3	1	1	4	2	2	3	1	2	1	2	2	4	1	3	2	1	4	3	4	4	4	2	4	3	4	3	2	2	3	3	2
39182	2	3	2	2	2	3	3	5	5	4	5	5	3	2	4	3	3	3	3	2	5	3	1	3	5	2	2	5	3	3	2	3	5	3	2	4	4	5	1	3	1	3	4	5	1	4	3	2	3	4	4	3	2	2	2	3	4	4	4	2	3	3	2	2	2
53093	4	5	4	1	2	1	2	1	1	2	5	4	5	5	1	1	2	2	1	2	5	5	4	5	4	5	5	5	4	5	4	5	4	3	4	1	4	5	2	1	4	4	4	5	5	1	5	4	4	5	1	2	1	1	1	2	2	4	3	3	4	4	5	5	4
21576	2	4	3	2	4	5	4	2	2	3	4	1	2	3	2	4	2	3	4	4	3	4	5	4	2	3	4	5	4	3	4	4	5	3	2	1	4	2	3	4	4	4	5	5	4	2	3	4	5	3	2	2	3	4	2	1	2	2	4	4	5	4	5	3	4
75331	4	2	1	4	4	2	4	4	2	4	5	5	5	5	5	4	4	4	4	4	5	5	5	5	5	5	5	5	5	5	5	5	5	5	5	1	5	5	4	4	2	2	2	1	4	4	5	5	5	5	1	5	5	5	5	4	5	5	5	5	5	5	5	5	5
65156	5	1	5	4	3	5	5	5	5	5	4	3	5	4	4	5	5	4	3	5	5	3	4	5	5	5	5	5	4	3	5	5	4	5	5	4	4	4	4	3	4	2	1	2	2	2	3	5	4	5	5	4	2	2	5	3	2	3	5	5	5	5	5	5	5
72370	4	1	4	5	5	5	5	5	5	5	4	5	5	2	3	5	5	3	2	5	5	4	3	5	5	5	5	2	5	3	5	5	4	5	5	4	4	5	5	5	2	4	4	4	4	5	3	2	4	4	4	5	5	5	5	5	5	4	4	4	5	4	5	4	4
10441	3	2	3	3	3	3	3	4	3	3	4	3	4	2	3	4	4	3	3	3	3	3	3	4	4	4	4	4	4	4	4	3	4	4	4	2	4	4	2	2	4	3	3	3	3	3	3	3	3	3	3	4	3	3	3	3	3	3	4	4	4	4	4	4	4
63154	4	3	2	5	4	3	5	5	4	4	3	4	4	4	4	4	3	3	3	4	3	4	4	4	4	4	4	3	4	3	5	5	4	5	4	3	5	4	3	4	3	3	3	4	4	5	4	4	3	4	3	3	3	4	4	3	3	4	3	4	3	4	3	3	4
64936	3	2	3	3	4	1	4	2	4	5	2	5	4	2	4	3	1	4	1	3	1	5	1	5	3	1	2	4	3	2	3	2	3	2	5	3	4	2	3	2	2	1	2	4	5	2	1	1	3	3	5	5	3	5	1	3	3	4	2	2	1	3	4	4	1
20775	3	2	4	4	5	3	4	4	2	3	3	4	2	3	2	4	3	2	3	4	1	3	2	3	5	2	3	3	2	4	2	3	1	4	3	2	2	3	3	3	2	4	3	2	3	2	2	5	2	3	4	3	2	5	4	3	3	2	4	3	2	4	2	1	2
23804	-99	4	2	4	3	4	5	4	5	5	2	2	3	4	3	2	3	3	3	3	4	3	2	3	3	3	3	3	3	3	3	3	3	3	5	2	3	5	4	3	1	2	3	3	3	5	2	5	5	3	3	3	4	3	3	3	3	4	4	4	2	5	3	3	3
68956	4	2	4	4	2	5	5	5	5	5	4	4	5	4	4	4	2	4	2	4	5	4	5	4	4	5	5	4	5	4	5	5	5	5	5	2	5	5	5	5	4	5	5	4	4	5	5	4	4	4	5	5	5	5	5	5	5	5	4	5	5	5	5	4	5
64500	4	4	4	3	3	4	5	5	3	2	4	4	5	2	4	4	1	4	1	4	4	4	5	5	5	5	4	2	4	4	5	4	4	2	2	5	4	4	4	2	4	5	5	5	5	5	5	5	5	4	5	4	5	5	5	4	4	5	5	5	4	5	4	5	4
22120	4	4	4	2	3	2	3	3	3	3	3	3	3	3	3	3	3	3	3	3	3	3	3	3	3	3	3	3	3	3	3	3	3	3	3	3	3	3	3	3	3	3	3	3	3	3	3	4	3	3	2	3	3	2	3	4	3	4	4	4	4	2	4	1	1
34285	4	4	4	4	5	5	5	5	5	4	4	5	4	4	5	5	4	5	4	4	5	4	4	5	5	5	5	5	5	4	5	4	4	4	5	4	5	5	5	4	3	4	4	4	3	4	4	4	4	4	4	5	4	5	4	4	4	5	4	4	4	4	4	4	3
60964	4	3	4	3	2	4	2	3	3	3	1	2	4	2	5	4	5	3	3	4	3	3	2	4	2	4	5	3	4	4	4	4	4	4	5	1	4	4	2	1	5	3	5	5	4	2	4	4	4	4	2	1	2	2	4	4	3	2	4	3	4	2	4	4	5
31452	4	1	2	1	4	3	2	1	2	4	1	4	3	5	4	1	1	4	2	2	2	4	5	2	4	3	2	5	3	2	4	2	4	5	2	2	2	4	3	2	1	5	4	2	5	3	2	4	5	2	2	2	4	2	3	1	4	4	2	4	2	3	2	4	3
39425	4	3	3	3	5	5	4	3	3	2	2	3	2	1	2	5	3	3	2	1	1	1	3	3	3	3	4	2	5	3	4	4	1	4	5	3	4	4	3	3	4	3	3	3	4	2	4	1	2	1	3	3	5	4	3	3	2	2	4	1	4	3	1	4	3
11547	4	2	4	5	5	5	5	5	5	5	4	4	5	3	5	5	3	5	2	5	4	1	4	5	5	5	5	5	4	5	5	5	5	5	5	2	5	5	5	5	5	5	5	4	5	4	5	4	4	5	5	5	5	5	5	4	3	4	4	4	4	4	4	4	4
25519	3	4	1	4	4	3	4	3	5	2	1	4	4	3	3	4	2	4	4	4	2	5	5	4	3	4	4	5	3	4	5	4	4	2	4	1	4	1	2	2	5	4	2	5	5	5	1	3	5	4	3	4	5	5	1	4	1	1	4	4	4	2	1	1	4
63550	5	4	2	3	3	3	4	4	5	5	5	3	2	1	3	4	5	5	4	5	1	2	1	2	2	2	2	2	2	1	1	1	2	1	1	4	1	2	4	5	1	1	1	2	2	5	1	1	1	2	4	5	5	4	4	5	5	1	2	1	1	2	2	2	2
26114	2	4	4	4	2	1	5	5	5	5	5	5	4	5	5	5	5	2	2	3	4	5	5	4	5	5	5	5	5	5	5	5	5	4	2	4	4	5	2	2	2	4	4	2	5	2	5	4	4	4	4	4	2	4	4	3	2	5	4	4	4	4	4	4	4
84366	4	4	3	2	5	4	4	5	4	4	3	2	4	2	3	4	2	3	3	2	5	4	5	4	4	4	4	4	5	5	3	2	4	4	5	2	4	4	5	4	3	4	4	4	4	4	4	3	4	4	2	5	4	4	4	4	4	4	4	4	4	4	4	4	4
13618	3	2	2	3	3	3	1	3	2	3	1	3	1	2	3	4	2	3	5	4	3	1	5	4	4	4	1	1	3	1	3	3	2	3	3	2	2	3	2	4	3	3	2	4	3	3	3	3	4	5	3	3	4	3	5	3	4	3	3	2	3	3	1	4	3
80544	2	3	4	4	4	3	5	5	5	5	5	5	5	4	4	5	5	5	4	4	5	5	5	5	5	5	5	5	5	5	5	5	5	5	5	4	5	5	5	5	5	5	5	5	5	5	5	5	5	5	4	5	5	5	5	5	5	5	5	5	5	5	5	5	5
36396	3	5	5	5	4	5	5	5	5	5	4	5	5	4	5	5	5	5	3	4	4	5	4	4	5	5	5	5	5	5	4	4	5	5	4	1	5	5	4	4	4	2	3	2	1	4	4	2	3	4	4	5	4	4	5	5	5	5	5	5	4	5	5	5	4
83188	4	3	3	4	3	3	4	5	4	3	4	5	4	1	4	3	3	4	3	3	4	3	3	3	3	4	4	3	4	3	5	3	3	3	3	2	5	4	4	4	3	3	2	3	4	4	4	4	4	4	3	2	2	3	4	4	3	4	4	4	4	5	3	3	4
53642	4	4	4	3	3	4	3	5	5	3	4	4	4	4	5	4	3	3	3	4	4	4	4	4	4	4	4	3	3	3	4	3	4	4	4	3	3	4	3	2	3	4	2	3	4	3	3	3	3	4	3	4	3	4	4	4	4	4	3	4	3	3	3	4	4
71207	4	4	4	2	3	2	2	4	4	2	2	2	2	4	4	2	2	2	1	1	5	4	4	4	4	5	5	5	5	5	5	5	5	4	4	2	4	5	1	1	5	4	5	5	5	1	5	5	5	5	1	1	1	1	1	1	1	5	5	5	4	5	5	5	2
61899	4	1	4	5	5	3	5	5	5	5	4	4	5	5	5	5	5	5	5	5	4	1	4	5	2	4	5	5	3	4	5	5	5	5	5	5	5	5	5	5	5	4	3	3	5	5	4	4	5	5	5	5	5	5	5	5	5	5	3	5	5	5	5	5	5
26386	2	4	2	3	3	4	4	2	1	3	4	3	3	4	3	4	2	1	5	2	4	2	3	2	4	4	2	4	2	3	4	4	3	4	3	3	3	2	1	4	4	1	4	2	5	3	3	3	2	1	3	2	2	3	3	4	3	3	4	4	3	4	4	4	5
45034	1	2	3	4	5	3	5	5	4	4	4	3	4	2	4	4	4	4	2	4	4	4	4	4	4	5	4	5	4	4	5	5	4	4	4	2	4	4	4	5	1	4	4	4	4	4	5	4	4	5	4	4	4	4	5	4	4	4	2	4	5	4	5	4	4
39052	4	5	4	1	2	1	2	1	2	1	4	5	4	5	2	1	2	1	2	1	4	5	4	5	4	5	4	5	4	5	4	5	4	5	4	1	4	5	2	1	4	5	4	5	4	1	4	5	4	5	2	1	2	2	1	1	1	4	5	4	5	4	5	4	5
11280	2	3	4	4	4	4	4	4	4	4	5	5	5	5	5	5	5	5	5	5	5	5	5	5	5	5	5	5	5	5	5	5	5	4	5	3	5	5	5	5	5	5	5	4	4	5	5	4	5	4	4	5	5	5	5	5	5	5	5	5	5	5	5	5	5
46109	2	3	4	5	5	5	5	5	5	5	4	4	5	3	4	3	5	4	3	3	5	2	5	5	3	5	5	4	5	2	5	4	5	5	5	5	1	5	5	5	1	4	4	4	4	5	5	3	3	3	4	5	5	5	5	5	5	5	5	4	5	5	5	5	4
58009	5	4	4	2	2	1	2	2	1	2	5	5	4	4	2	2	2	2	1	2	5	5	5	4	4	5	5	4	5	4	5	4	4	4	4	2	4	4	2	1	5	4	4	4	4	2	5	4	5	4	2	2	1	2	2	2	2	4	5	4	4	5	5	4	5
16728	3	5	5	1	2	2	1	2	1	2	5	4	5	4	1	1	2	2	1	2	3	4	5	5	4	4	5	4	5	5	4	5	5	4	5	2	5	4	1	2	5	4	5	4	5	2	5	5	5	5	1	1	1	2	1	2	1	4	4	4	4	4	5	5	5
94141	4	3	3	3	2	3	2	2	2	3	4	4	4	4	3	3	3	2	2	2	3	4	4	4	4	5	5	4	4	5	4	4	4	4	5	2	5	4	1	2	5	4	4	4	5	2	5	4	5	4	2	1	1	2	1	1	2	5	4	5	4	5	4	5	4
73369	5	3	4	4	4	5	5	5	5	4	2	4	4	3	4	4	4	4	4	5	4	4	4	4	4	5	5	4	4	3	5	5	5	4	4	4	5	5	4	4	3	4	3	2	3	4	3	4	2	4	4	5	4	4	4	5	4	4	4	4	4	4	4	4	4
74501	5	5	5	1	2	4	4	3	4	3	5	5	5	4	1	5	1	5	5	4	5	4	5	5	5	5	5	5	5	3	5	5	5	5	5	4	5	5	5	5	5	5	4	5	4	5	5	5	2	5	5	5	5	5	1	5	5	5	1	5	5	5	5	5	5
79610	3	2	4	4	3	3	5	5	5	5	5	5	5	3	4	4	4	2	3	5	4	5	4	3	4	4	4	5	5	5	5	5	5	5	5	2	5	5	4	2	4	4	4	5	4	5	5	5	5	5	1	4	4	4	5	5	5	2	4	5	4	5	5	5	5
19090	3	5	2	3	2	5	5	5	4	3	4	4	3	3	3	4	4	4	4	4	4	3	4	4	4	4	4	5	4	4	4	4	4	4	3	4	3	4	4	2	4	3	3	3	2	3	4	3	4	4	4	4	4	4	4	3	4	4	4	4	4	2	4	2	4
52601	4	3	4	4	2	2	5	4	4	4	5	5	5	5	5	5	5	5	4	5	4	5	4	5	5	5	5	5	5	5	5	5	5	4	3	5	5	5	5	3	5	5	5	5	4	3	5	5	5	5	5	5	3	1	5	5	2	5	4	5	5	5	5	5	5
74824	4	3	4	2	5	4	5	5	4	5	1	5	5	4	4	5	4	4	2	3	4	4	5	5	5	4	5	5	4	2	5	4	5	4	5	4	4	4	1	5	4	4	5	5	5	4	5	4	4	4	4	4	2	2	4	4	2	5	4	4	4	4	5	5	5
17145	4	1	5	4	5	1	5	5	5	5	4	5	5	3	5	5	5	5	5	5	4	4	5	4	2	4	4	5	1	5	1	4	4	5	5	5	5	5	4	5	4	5	5	5	4	5	5	4	4	5	4	5	5	2	2	5	5	5	4	4	5	5	4	4	5
13042	4	3	3	3	2	3	2	2	2	2	4	4	5	3	2	2	2	2	2	2	4	4	4	4	4	4	4	4	4	3	3	4	4	4	4	2	4	4	2	2	4	4	4	4	4	2	4	4	4	4	2	2	2	2	2	2	2	4	4	4	4	4	4	4	4
91356	4	3	4	5	5	5	5	5	5	5	5	4	5	4	5	5	5	5	5	5	5	5	3	4	4	3	4	4	5	4	5	5	5	4	5	4	5	5	5	5	5	4	3	3	2	4	4	4	1	5	4	5	5	5	5	5	5	5	5	5	5	5	5	4	5
18057	4	2	3	2	2	1	2	4	3	3	3	4	4	2	3	3	2	3	2	4	3	4	3	4	3	5	4	5	3	4	5	4	3	5	4	3	5	4	3	1	4	4	3	5	3	4	4	4	5	3	2	4	2	2	2	1	3	3	4	5	3	4	4	2	4
49314	4	2	2	2	2	2	3	5	5	3	2	3	5	4	3	3	2	2	2	4	4	4	5	5	5	5	5	5	5	5	5	5	5	5	5	1	5	5	1	1	5	5	5	5	5	1	5	5	4	5	3	4	2	2	5	4	3	5	5	5	3	5	5	5	5
22193	5	4	5	2	1	2	1	1	1	1	4	4	5	4	2	2	1	1	2	1	5	4	5	4	5	4	4	5	4	4	5	4	4	4	4	1	4	5	2	2	5	5	4	4	5	1	4	5	4	5	1	2	1	1	2	2	1	5	4	5	5	5	4	4	5
56936	3	2	2	4	5	5	5	5	5	5	1	2	5	1	3	4	5	4	2	2	5	5	3	5	5	3	5	3	5	1	4	5	4	5	5	1	3	4	5	5	1	3	5	3	4	4	4	2	3	2	5	5	3	3	3	4	4	5	3	3	5	4	4	4	5
76791	4	2	4	4	5	4	5	5	4	4	4	4	4	4	5	4	4	5	3	3	4	4	4	4	4	5	4	4	5	3	5	4	4	5	5	5	4	5	5	5	4	4	4	5	4	5	4	5	3	4	4	5	5	4	3	5	4	4	4	4	5	4	4	5	5
38564	3	3	3	4	3	2	3	2	3	3	3	3	4	4	4	4	2	4	4	3	3	3	3	1	2	3	4	2	2	3	3	5	3	5	4	3	2	3	1	2	4	4	4	3	2	4	3	2	1	4	5	2	4	2	4	2	1	2	3	2	5	4	4	4	1
20609	4	3	2	2	4	3	5	5	2	4	4	3	4	4	4	2	2	3	2	3	4	4	3	4	4	4	4	4	4	3	4	3	4	4	3	4	4	3	2	2	2	3	4	4	4	4	3	4	4	4	2	2	3	2	2	3	3	2	2	3	3	4	4	3	3
17216	4	5	4	3	2	1	1	2	3	2	3	4	5	5	2	1	2	2	3	2	4	5	4	5	4	4	5	4	3	4	5	4	4	5	3	2	5	3	2	3	5	3	4	5	4	2	3	4	4	5	3	2	2	1	3	2	3	5	3	4	5	4	3	4	4
39130	4	5	5	5	5	5	5	5	5	5	5	4	4	3	5	5	5	5	5	5	5	5	5	5	4	3	4	3	4	4	5	5	5	5	4	4	5	4	4	4	4	5	5	5	4	4	5	5	3	4	4	4	4	4	4	3	2	3	4	3	4	5	5	5	5
37264	4	4	3	2	4	2	2	4	4	4	3	3	3	2	4	4	2	4	3	4	2	3	4	3	4	3	2	4	2	4	4	4	4	4	4	2	5	4	2	2	4	3	4	4	4	2	4	4	4	4	2	2	3	3	2	3	2	4	4	3	3	3	4	3	4
55595	4	3	3	3	3	3	3	3	3	3	3	3	3	3	3	3	3	3	3	3	3	3	3	3	3	3	3	3	3	3	3	3	3	3	3	3	3	3	3	3	3	3	3	3	3	3	3	3	3	3	3	3	3	3	3	3	3	3	3	3	3	3	3	3	3
13532	4	4	4	2	3	2	2	2	2	1	4	4	4	4	2	2	2	2	1	1	5	4	4	4	4	4	4	4	5	3	5	4	4	5	5	2	4	4	2	1	5	4	4	4	4	1	4	4	4	5	1	2	1	2	1	1	2	4	4	4	4	4	4	3	5
69379	3	3	4	4	4	4	5	5	5	4	5	4	5	3	5	4	5	4	3	4	4	4	4	4	4	5	5	4	4	4	5	5	5	5	4	4	4	4	4	3	4	4	4	4	3	3	4	4	3	4	4	4	3	4	5	4	5	5	4	4	5	4	4	4	4
60713	4	2	4	4	4	2	5	5	5	5	5	4	4	2	4	4	5	5	4	5	4	4	4	5	4	4	5	5	4	5	5	5	5	5	4	2	5	5	4	5	4	5	5	4	5	4	1	4	5	5	4	5	4	5	4	5	4	4	5	4	5	5	4	5	5
81726	4	3	3	4	3	3	2	2	1	2	4	5	2	3	5	4	2	5	3	3	3	3	5	3	1	5	3	3	3	4	4	3	5	2	4	4	5	3	3	5	4	2	4	4	4	1	1	5	1	5	5	3	2	4	2	2	3	5	2	4	1	3	1	2	4
87451	4	4	4	5	4	5	5	5	5	5	2	3	4	3	3	3	4	3	3	4	5	5	5	5	5	4	3	4	5	5	5	5	5	3	5	1	4	5	5	5	1	4	4	4	4	5	5	5	5	5	5	5	5	5	5	5	5	5	5	5	5	5	5	5	5
52881	4	2	4	2	2	1	1	5	2	4	4	1	4	1	5	5	1	5	2	5	4	4	4	4	5	5	4	5	5	5	5	5	5	5	4	1	5	5	5	5	2	1	2	4	5	5	5	4	4	4	2	5	2	2	1	2	2	4	5	5	5	5	5	4	4
48709	2	3	1	2	1	5	3	4	2	3	2	2	4	3	1	4	3	2	1	2	3	5	4	4	3	4	4	5	3	5	5	3	4	5	2	2	4	4	3	2	4	2	5	4	3	2	5	4	3	5	2	4	2	2	1	3	1	3	4	5	4	5	5	1	4
53342	3	4	2	4	4	2	5	5	5	2	5	5	5	5	5	5	5	5	2	5	4	5	5	4	4	3	4	4	5	5	5	4	5	3	3	5	4	5	3	3	5	4	4	4	4	1	5	4	4	4	3	4	5	5	5	5	2	4	4	4	4	4	4	4	4
11316	4	2	2	4	4	2	5	4	4	3	2	2	3	4	4	2	1	4	2	4	4	4	4	4	5	5	4	4	4	2	4	4	5	3	4	2	4	4	4	4	2	4	3	4	3	5	4	4	5	4	2	4	4	4	4	4	4	2	2	4	5	4	4	5	5
24861	4	2	3	2	3	5	4	5	4	2	5	4	5	3	4	2	5	4	3	4	4	4	4	4	3	4	4	4	5	4	5	5	4	5	3	3	4	4	4	3	4	4	4	4	4	4	4	4	4	3	4	4	4	4	2	4	2	4	2	4	3	2	2	4	4
35456	1	4	3	4	2	2	3	4	5	5	2	3	2	2	5	2	3	4	3	3	5	3	3	3	2	3	3	2	4	3	3	3	1	4	4	2	3	4	2	3	4	3	3	2	4	2	3	4	3	1	4	2	3	2	3	2	3	3	1	3	3	4	3	3	1
81609	4	4	4	2	3	2	1	2	3	2	4	4	5	4	1	2	2	1	2	2	4	4	5	4	5	3	4	4	4	4	4	4	4	4	4	2	4	3	2	2	4	4	4	5	3	2	4	4	4	5	1	1	1	2	1	2	2	5	3	4	4	4	5	4	4
76261	4	2	4	3	4	4	3	5	4	4	5	5	2	3	4	4	3	4	4	4	4	4	4	5	4	5	4	4	5	4	4	5	4	5	4	2	4	5	4	2	5	5	3	4	3	2	5	4	4	3	2	3	5	2	4	4	2	4	4	4	4	4	3	3	3
28065	4	3	2	2	2	2	3	4	2	3	4	2	5	5	5	4	2	2	2	2	4	5	4	4	4	5	4	5	3	4	4	4	4	3	5	1	4	5	2	2	3	5	3	3	4	2	3	5	5	4	4	4	5	3	1	2	2	2	3	4	5	3	5	5	4
56937	3	2	1	2	4	4	5	5	4	4	4	3	3	3	4	3	3	4	2	4	3	4	4	4	3	5	5	5	4	4	5	5	4	5	4	2	5	5	5	3	2	2	1	4	4	3	2	4	4	5	4	5	2	1	1	2	2	5	4	4	5	4	4	5	3
86496	2	4	5	2	4	2	5	5	3	5	4	5	4	4	5	5	5	4	2	4	5	5	5	5	5	5	5	5	5	5	5	5	5	5	5	4	5	5	5	5	5	5	5	5	5	5	5	5	4	5	4	5	4	5	5	4	4	5	4	5	5	5	5	5	5
80735	4	5	5	5	5	5	5	5	5	5	4	5	4	4	5	5	5	5	3	4	4	5	4	4	4	3	4	4	5	3	5	1	5	5	4	4	5	5	5	4	3	4	4	4	4	5	5	5	5	5	5	5	5	4	3	4	4	5	4	5	5	4	5	5	5
71924	4	3	4	1	1	1	3	5	3	4	4	5	3	5	5	5	4	4	3	2	5	5	4	3	4	4	5	5	5	5	4	4	5	5	5	1	4	4	5	3	1	5	3	5	2	2	5	1	4	4	2	3	2	2	5	4	4	5	5	4	5	5	5	5	4
23429	4	3	4	2	3	2	1	3	2	3	4	4	4	4	2	2	3	2	2	3	4	4	4	3	4	4	3	4	3	4	4	3	3	4	3	2	4	4	3	2	4	3	4	5	4	3	4	4	4	4	3	3	2	3	2	3	2	3	4	4	3	4	4	3	4
61688	3	5	4	2	2	3	3	2	3	2	4	3	5	3	2	3	2	2	3	2	3	4	3	4	4	3	3	4	4	3	3	3	4	3	4	3	2	4	2	2	3	3	3	4	4	2	3	4	3	4	3	3	3	2	4	2	2	2	4	2	4	4	3	4	3
16765	4	5	3	3	2	2	1	3	1	5	5	3	4	5	5	1	3	1	3	1	2	5	4	5	3	5	3	4	4	5	3	5	3	4	5	4	5	5	2	1	3	4	4	5	2	1	2	4	5	3	1	3	1	2	2	1	3	3	4	4	4	5	5	3	4
55004	2	4	1	4	3	2	1	2	3	5	2	3	5	3	4	2	4	1	1	3	4	5	3	1	2	4	5	3	1	5	3	4	5	3	4	5	2	5	3	2	1	4	5	1	3	4	5	4	3	2	1	3	2	5	3	1	2	2	3	1	2	1	5	4	4
98255	1	1	1	1	1	1	3	5	5	5	1	1	5	1	5	5	1	1	1	5	5	5	5	5	5	5	5	5	5	5	5	5	5	5	5	1	5	5	1	5	1	1	1	1	5	5	5	5	5	5	5	5	1	5	5	1	5	5	5	5	5	5	5	5	5
63742	5	3	3	3	4	4	4	4	4	5	5	5	4	4	1	4	1	2	3	4	2	4	4	4	4	3	4	5	5	4	5	3	4	5	4	3	4	3	3	2	4	3	3	5	5	3	4	5	4	4	3	4	2	2	3	3	2	3	3	3	3	3	5	5	4
60626	2	3	3	4	4	4	4	4	5	5	4	2	2	2	4	4	2	4	4	4	4	5	5	3	5	5	5	5	5	2	5	4	5	5	4	3	4	5	3	3	3	3	2	2	3	3	4	5	4	5	4	4	3	4	5	3	3	2	2	3	3	2	3	3	3
66441	3	4	4	2	3	3	2	3	2	3	3	3	4	4	4	2	2	2	2	2	3	4	4	3	1	3	4	4	4	3	4	4	4	4	3	2	3	4	3	2	4	3	4	3	3	3	4	4	4	4	2	2	4	2	3	2	2	4	4	4	4	3	4	3	3
45159	4	4	3	1	3	2	2	2	2	2	4	4	4	4	2	2	3	3	3	3	4	4	3	3	3	3	4	4	4	4	4	4	3	3	3	2	4	4	3	3	4	3	4	4	4	2	3	4	4	4	3	2	2	3	2	2	3	4	4	4	3	4	4	5	4
25276	5	1	1	5	5	5	5	5	5	5	5	5	3	5	5	5	5	3	5	3	3	5	5	5	4	5	5	5	5	3	5	5	5	5	5	5	5	5	5	5	5	3	1	1	4	5	3	4	1	5	5	5	3	5	5	5	5	5	3	5	5	5	5	5	5
48143	4	5	2	1	5	2	4	1	2	3	2	5	1	3	4	1	1	5	1	2	5	2	1	4	5	1	2	5	3	2	4	5	4	5	1	5	4	5	4	2	1	4	2	5	5	4	5	2	5	1	1	4	1	2	1	5	1	3	5	2	4	1	4	5	3
16308	3	3	3	3	3	3	5	5	3	3	5	5	5	4	5	5	3	5	5	5	3	3	5	5	4	4	5	3	5	5	5	5	5	5	4	3	5	5	2	5	5	3	4	3	3	5	3	3	4	4	3	5	5	5	5	5	5	3	5	4	4	5	5	5	4
83637	4	5	5	2	2	3	3	3	2	2	3	4	3	3	2	3	2	2	4	3	3	5	4	3	4	3	4	4	5	4	4	4	4	4	4	2	4	4	2	1	5	4	4	4	4	3	4	4	5	4	2	1	3	3	2	3	2	4	4	4	3	5	4	3	3
52702	4	3	2	4	4	5	5	5	5	5	2	4	5	3	3	4	1	3	3	4	3	4	4	4	5	5	5	5	5	3	5	4	3	4	4	5	4	5	1	2	5	5	3	4	4	5	3	4	4	4	5	5	3	5	3	4	4	5	4	5	4	4	3	3	3
56709	3	4	3	2	3	2	3	2	3	2	3	3	4	3	2	3	3	2	3	2	3	3	4	3	4	3	4	3	4	3	4	3	4	3	4	3	4	3	2	3	4	3	4	3	4	3	4	3	4	3	2	2	3	3	2	3	2	3	4	3	4	3	4	3	4
87904	4	3	3	3	4	4	4	4	3	4	4	5	4	3	3	4	3	3	3	4	3	4	3	5	4	5	5	5	5	4	5	4	4	5	4	3	5	3	3	4	4	4	4	4	4	2	3	3	3	3	3	3	3	3	4	3	3	3	3	3	5	3	3	3	5
46841	4	4	4	2	2	2	2	2	2	2	4	4	4	4	2	2	2	2	2	2	4	4	4	4	4	4	4	4	4	4	4	4	4	4	4	2	4	4	2	2	4	4	4	4	4	2	4	4	4	4	2	2	2	2	2	2	2	4	4	4	4	5	4	4	4
98324	4	2	4	3	3	2	2	4	3	3	2	2	2	2	2	2	2	3	3	2	3	4	4	5	5	5	5	5	5	5	5	4	4	4	5	2	4	5	5	2	4	4	4	4	4	4	4	4	4	5	5	5	5	5	3	5	4	2	2	5	5	5	5	5	5
60852	2	2	4	5	2	1	5	5	5	3	3	2	4	2	2	2	2	3	2	4	5	5	5	5	5	5	5	5	5	4	4	5	5	4	5	2	4	5	2	3	4	5	5	5	5	5	4	5	2	4	5	5	5	5	5	5	5	5	4	4	5	4	5	5	4
66491	4	4	4	5	4	5	5	5	5	5	4	4	5	4	5	5	5	4	4	4	2	5	5	4	3	4	4	4	5	4	5	5	5	5	5	4	5	5	5	4	4	3	4	2	2	3	4	2	3	3	4	5	3	3	5	3	2	5	5	5	5	5	4	5	5
36351	4	4	4	4	4	4	5	5	4	3	4	4	4	3	4	4	3	4	3	2	4	3	4	4	4	4	4	5	5	5	5	5	4	3	5	3	5	4	5	4	4	5	5	5	5	5	5	5	5	5	4	4	4	4	5	5	4	5	4	5	5	5	5	5	5
14230	2	3	5	2	1	3	2	1	2	1	3	3	4	5	4	2	1	1	3	2	4	5	4	5	4	5	3	2	4	5	3	4	3	4	2	2	5	1	2	1	4	2	4	5	3	4	5	4	2	4	2	1	1	3	3	2	1	4	5	5	3	4	5	1	4
46094	5	1	2	2	1	2	4	4	4	4	2	2	5	2	1	4	4	4	4	4	2	2	2	5	5	5	2	5	5	5	5	5	5	5	5	1	5	5	1	1	5	5	5	5	5	1	5	5	5	5	1	4	1	1	1	1	1	5	5	5	5	5	5	5	5
50539	4	3	4	2	3	5	5	5	2	5	5	5	5	4	5	5	4	5	3	4	4	4	4	4	4	4	4	4	4	2	5	4	4	5	4	3	5	4	4	2	4	4	3	4	4	5	3	4	2	4	5	5	4	5	5	3	5	5	4	5	5	5	5	4	5
70521	4	4	4	3	1	2	1	3	2	1	3	5	4	4	3	1	2	2	1	2	4	4	5	3	4	5	3	4	5	3	4	4	5	4	4	3	5	4	1	3	4	5	4	3	5	2	3	4	5	3	2	2	3	2	1	2	2	4	5	3	4	5	3	4	5
21990	5	5	1	5	5	1	5	5	5	5	1	1	5	5	1	1	1	1	1	5	5	5	5	5	5	5	5	5	5	5	5	5	5	5	5	1	5	5	1	1	5	5	5	5	5	1	5	5	5	5	1	5	1	1	1	1	1	5	5	5	5	5	5	5	5
15183	4	1	2	1	2	3	5	5	4	4	4	5	3	1	3	3	3	4	2	3	5	1	5	5	4	5	5	5	5	5	3	5	4	4	5	2	5	5	5	4	5	5	5	5	5	5	5	5	5	5	5	5	4	5	5	5	5	5	5	5	5	5	5	5	4
52525	5	4	4	2	2	2	3	3	3	1	3	4	3	3	3	3	3	2	3	3	4	4	4	3	4	2	3	3	4	3	4	3	4	5	4	3	4	2	3	2	2	4	5	5	4	2	2	3	4	3	2	2	1	3	2	3	2	4	3	3	3	4	4	4	4
22036	4	2	4	3	3	5	5	5	5	5	3	2	5	3	4	5	4	3	3	4	4	4	4	5	5	5	5	5	5	5	5	5	4	5	4	4	3	5	5	4	5	1	1	4	1	4	2	4	4	4	5	5	4	3	5	3	2	3	4	4	5	5	5	4	5
56833	4	3	3	4	2	1	1	4	4	3	3	4	3	2	3	1	3	5	3	3	2	3	4	2	4	4	5	5	3	3	5	2	3	1	3	3	4	4	1	2	5	3	4	3	3	4	2	3	3	5	2	5	3	2	2	4	4	3	4	4	2	3	4	3	4
74924	4	4	4	2	2	3	4	3	4	3	3	3	3	2	4	4	3	3	4	3	2	3	3	2	4	3	3	2	4	4	4	4	4	4	4	2	4	3	4	3	3	4	3	2	3	2	2	4	3	4	1	2	3	2	2	3	2	3	5	4	4	4	4	4	4
30740	4	4	3	2	5	2	1	2	3	2	4	1	3	4	2	1	2	2	3	3	3	4	4	4	4	4	4	4	5	4	4	4	4	4	4	1	4	4	3	2	5	4	3	3	3	3	3	3	4	4	2	1	3	2	2	3	3	3	3	3	2	3	3	3	3
97169	4	3	2	5	4	4	4	5	4	4	2	2	4	3	3	4	3	2	2	4	4	3	3	2	3	3	3	4	4	4	4	4	4	4	4	2	3	4	4	2	4	3	3	4	4	3	4	2	2	3	4	4	4	4	4	4	3	2	3	4	4	3	4	3	2
34213	2	2	2	4	3	5	5	5	4	3	5	4	4	4	4	4	4	5	3	4	5	5	5	5	5	5	5	5	4	5	5	5	5	4	5	4	4	4	4	5	4	4	4	3	2	3	4	4	4	4	4	4	4	4	4	5	4	5	4	5	5	5	5	4	4
66661	2	3	3	3	3	3	3	3	3	4	2	3	3	2	4	3	3	3	3	3	3	3	3	3	3	3	3	3	3	3	3	3	3	3	3	3	3	3	3	3	2	2	2	2	2	4	2	2	2	2	4	4	4	4	4	4	4	2	2	2	2	3	3	3	3
32286	4	5	5	4	4	5	5	4	4	1	4	4	4	2	2	5	2	4	4	5	2	5	3	1	1	5	2	5	4	4	5	5	4	5	4	1	4	4	5	4	1	1	1	1	1	1	1	1	1	1	1	4	2	3	3	2	2	4	4	1	4	4	5	4	4
31593	4	3	3	3	3	4	3	4	4	4	2	2	3	3	3	4	3	3	3	4	4	4	4	4	3	3	4	3	3	3	3	3	4	3	4	3	3	4	2	2	4	4	3	3	3	3	4	4	4	4	2	3	3	2	2	3	3	4	4	3	4	3	4	3	4
54598	4	2	4	4	4	5	5	5	4	4	4	4	4	2	5	5	2	4	4	5	4	4	4	4	3	3	4	4	4	4	4	3	4	4	4	2	2	4	2	2	4	4	2	3	4	4	2	2	4	4	4	5	4	4	4	4	4	2	4	4	4	4	4	4	2
10190	5	1	1	5	5	5	5	5	5	5	5	5	5	5	5	5	5	5	5	5	5	5	5	5	5	5	5	5	5	5	5	5	5	5	5	5	5	5	5	5	5	5	5	5	5	5	5	5	5	5	5	1	5	5	5	5	5	5	5	5	5	5	5	5	5
89365	4	3	4	3	2	2	3	5	3	2	4	3	4	3	2	3	2	3	2	3	2	4	4	4	4	4	3	4	4	4	4	3	4	3	3	2	4	3	2	3	4	4	3	4	4	2	4	3	4	4	2	3	2	2	1	2	3	4	4	3	4	3	3	3	4
63059	3	4	4	2	3	3	2	3	2	3	4	4	4	4	2	2	2	3	3	3	4	4	4	3	4	3	4	4	4	4	4	4	4	4	4	2	3	4	3	3	4	4	4	4	3	3	3	3	4	4	3	3	3	2	2	2	2	4	4	4	4	4	4	4	4
51954	4	3	2	2	3	4	5	5	3	5	4	4	5	4	5	5	5	5	3	5	3	4	5	5	4	5	5	4	4	4	5	4	4	5	5	3	4	4	4	3	4	4	5	5	5	5	5	5	5	5	4	4	4	5	3	4	2	4	4	5	5	4	4	4	4
81426	2	2	1	5	5	5	5	5	5	5	5	5	5	5	5	4	5	5	2	4	5	5	5	5	5	5	5	5	5	5	5	5	5	5	5	5	5	5	5	5	4	5	5	4	5	4	5	5	5	5	5	5	5	5	4	5	5	5	2	4	5	5	5	5	5
85511	4	5	4	5	3	5	5	5	4	2	3	4	4	4	4	4	5	3	5	4	2	2	4	4	4	4	4	2	4	4	5	4	4	4	5	2	4	2	2	4	4	4	3	2	2	2	3	3	3	4	2	4	4	5	4	4	3	5	4	3	4	4	4	4	5
98830	2	2	3	3	2	2	3	4	3	3	3	3	3	3	3	2	2	2	2	2	4	4	4	4	4	4	4	4	3	3	5	4	4	3	3	3	4	4	2	3	3	4	4	3	4	3	4	2	3	4	3	3	3	3	3	2	2	3	4	4	4	4	4	3	3
82249	2	2	2	3	4	3	4	4	4	2	4	4	3	3	4	3	3	4	2	2	5	4	4	5	4	4	5	5	5	5	5	4	4	3	5	4	3	5	5	3	5	4	5	4	4	4	5	4	4	4	5	5	5	5	5	5	4	5	5	5	5	4	5	4	5
39907	4	4	4	2	2	2	2	2	2	2	4	4	4	4	2	2	2	2	2	2	4	5	5	4	5	4	4	5	4	5	4	5	4	5	3	2	5	4	1	3	3	4	4	5	4	1	4	5	4	5	2	1	3	1	2	3	2	5	3	4	5	4	5	4	5
57809	3	3	5	3	3	2	3	4	1	2	3	3	3	4	3	3	3	3	2	1	3	2	3	4	4	3	3	2	5	3	5	4	3	1	1	2	4	4	3	4	2	3	2	2	4	2	5	5	4	4	2	3	2	1	2	3	2	4	4	5	4	4	3	4	5
19343	5	2	1	2	3	2	5	4	5	3	5	5	3	5	3	4	2	2	1	2	5	1	3	4	5	5	5	5	5	3	4	3	2	5	5	1	4	5	5	4	5	4	5	5	3	1	5	5	5	4	3	5	5	5	1	5	5	5	5	4	5	5	5	5	5
20920	4	2	5	2	1	1	3	5	1	3	5	5	2	5	5	1	1	1	4	4	5	5	5	5	5	5	5	5	5	5	5	4	4	5	3	1	5	5	1	5	3	5	5	5	5	3	5	5	5	2	1	4	2	1	2	1	2	2	5	4	5	4	5	2	5
19143	3	3	3	3	3	3	3	3	3	3	3	3	3	3	3	3	3	3	3	3	3	3	3	3	3	3	3	3	3	3	3	3	3	3	3	3	3	3	3	3	3	3	3	3	3	3	3	3	3	3	3	3	3	3	3	3	3	3	3	3	3	3	3	3	3
18764	1	3	2	4	5	3	5	4	5	4	1	3	4	5	3	3	1	2	4	2	3	3	4	3	4	3	4	2	3	2	1	1	4	3	1	3	4	3	3	4	2	2	1	1	3	2	1	4	5	1	2	5	2	4	5	4	5	2	3	4	3	1	4	2	1
85474	4	5	4	1	1	1	1	1	1	2	5	5	4	5	1	1	2	2	2	2	4	5	5	4	4	5	4	5	5	4	4	4	4	5	5	2	5	4	1	1	5	4	4	4	5	2	4	4	5	4	2	2	1	1	1	1	1	5	4	4	5	5	5	5	4
27371	3	1	2	2	5	1	2	3	5	4	3	3	4	1	3	4	5	2	2	4	5	3	4	5	4	4	4	5	5	3	5	5	4	4	5	5	4	5	3	2	1	4	4	4	4	5	4	1	4	4	4	4	5	3	5	4	2	5	4	3	4	4	4	4	4
49668	3	4	4	3	3	2	4	5	3	2	5	5	4	5	5	5	4	5	3	4	4	3	5	5	4	4	4	4	5	5	4	4	4	4	3	4	4	3	4	4	3	3	3	3	3	3	4	3	3	3	2	4	2	2	2	2	3	4	3	3	4	3	3	4	4
91319	3	3	3	3	3	5	5	5	5	5	4	4	4	4	4	5	5	5	3	3	5	3	4	5	4	4	5	5	4	5	5	4	4	5	4	4	5	4	4	3	5	5	5	5	5	5	5	4	4	5	5	5	5	5	5	5	2	5	5	5	5	5	5	5	5
90656	1	1	4	2	1	5	5	4	2	2	3	4	5	1	2	2	3	2	4	4	2	2	1	1	1	2	5	5	4	1	5	4	3	5	1	1	5	5	4	2	5	3	5	5	5	1	1	3	3	5	4	2	1	1	3	1	4	5	5	4	4	4	4	4	4
62211	4	4	4	3	2	2	2	3	2	2	4	4	4	4	2	3	2	2	3	2	3	3	4	3	4	4	4	3	3	3	4	4	5	4	3	2	4	4	1	1	4	5	5	4	5	1	5	4	5	4	1	1	1	1	2	2	1	5	4	5	3	4	5	5	4
28920	2	3	4	3	4	5	5	5	5	5	5	4	5	4	5	5	4	4	4	5	5	5	5	5	3	4	4	4	4	5	4	4	4	5	4	4	4	4	5	4	4	5	5	4	4	4	4	3	5	4	5	5	4	3	4	4	4	4	4	3	4	4	4	4	4
42735	4	4	3	2	2	3	2	2	3	2	4	5	4	4	3	2	2	2	3	3	4	4	3	3	3	4	4	4	4	4	4	3	4	4	4	2	4	4	2	2	3	4	5	4	3	2	4	4	3	4	2	3	2	3	2	3	2	4	4	3	4	4	3	4	4
49086	4	3	3	4	2	3	3	5	3	3	5	5	3	3	3	2	4	3	2	5	3	2	4	2	3	3	3	2	4	1	4	3	4	2	3	3	5	1	4	4	4	3	1	3	3	2	2	3	4	4	5	5	4	4	3	4	3	4	3	2	1	2	3	5	4
83643	2	5	5	5	5	5	5	5	5	5	4	4	5	4	5	5	5	5	5	5	4	4	4	4	4	5	5	5	5	4	4	4	4	4	5	5	4	4	5	5	4	4	4	4	3	4	5	4	4	4	4	5	5	5	5	5	5	5	4	5	5	5	5	4	5
71174	4	4	3	2	2	2	2	5	2	2	4	3	3	4	2	2	2	2	2	3	4	5	4	4	5	5	5	5	5	5	5	5	3	4	5	2	4	4	3	2	5	5	5	5	5	2	4	4	4	5	1	1	2	1	2	2	2	4	4	5	5	5	5	4	4
53309	4	4	4	5	5	5	5	5	5	5	4	4	4	4	5	4	5	4	3	4	4	5	4	4	4	4	4	4	4	4	4	4	4	4	4	2	4	5	4	3	4	4	4	4	4	2	4	4	4	4	3	4	3	2	4	3	4	3	3	4	4	4	4	4	4
97551	4	4	4	4	2	2	3	2	2	1	3	4	5	3	3	2	2	3	1	2	4	3	4	5	2	4	4	3	5	3	4	3	4	4	3	1	4	3	2	3	3	4	2	3	3	2	3	3	4	3	2	1	2	3	3	2	2	4	3	5	4	4	4	5	4
43099	2	4	1	4	4	4	5	1	5	4	4	2	1	4	5	5	3	4	3	4	4	4	3	4	1	1	5	3	4	1	4	4	5	4	5	2	3	4	2	2	5	4	5	4	4	5	3	2	4	5	2	2	2	3	5	5	4	4	5	4	3	4	3	4	2
99199	4	4	4	3	2	4	5	4	4	2	4	4	4	4	3	3	2	3	2	3	3	4	4	4	4	3	4	4	4	3	4	4	4	4	4	4	4	3	4	3	4	2	3	3	4	3	3	4	4	4	3	4	5	5	4	3	3	4	4	2	3	4	3	2	3
99974	5	4	1	1	1	1	3	5	5	3	1	3	5	5	5	5	1	4	1	5	4	5	5	4	5	5	5	4	5	3	5	5	5	4	5	1	5	5	1	5	4	5	5	4	5	5	4	5	1	5	2	5	2	1	2	4	4	4	5	5	5	5	5	3	5
24859	4	2	3	2	2	1	3	5	2	3	4	4	5	4	4	4	1	1	2	4	4	4	4	5	5	5	5	5	4	4	5	5	4	5	4	2	5	5	3	1	4	5	3	4	5	4	4	4	4	4	5	5	4	3	2	3	2	4	4	5	5	4	4	5	4
64705	5	3	5	3	2	2	1	2	4	2	3	4	3	4	1	1	2	1	3	4	4	4	5	4	4	5	5	4	5	5	4	5	3	4	3	2	5	4	3	1	5	3	3	4	2	2	5	5	2	4	1	2	2	1	3	1	2	4	5	4	4	5	3	3	4
26090	4	3	5	5	5	5	5	5	5	4	4	5	5	4	5	5	5	5	4	5	3	2	2	3	2	4	3	4	4	2	5	4	4	5	3	2	4	2	4	5	1	2	2	1	1	2	3	2	1	3	2	2	2	4	2	3	2	2	3	2	4	3	4	4	4
69002	4	4	2	5	5	3	5	5	5	5	5	5	4	3	5	5	5	5	5	3	5	5	5	5	5	5	5	5	5	3	5	5	4	5	5	5	5	4	5	5	4	3	1	3	3	4	4	5	4	4	4	5	5	4	5	5	5	5	4	5	5	5	5	5	5
88316	3	2	3	4	5	3	4	5	5	5	4	4	5	4	5	5	5	4	4	4	4	5	4	3	5	5	5	5	4	5	5	5	5	5	4	3	5	4	3	5	5	4	3	4	5	1	4	5	4	5	5	5	5	4	5	4	4	5	4	5	5	5	5	5	5
77441	4	4	2	3	3	3	4	5	2	2	4	4	4	2	1	4	3	2	2	4	4	4	1	3	3	4	2	4	3	2	4	1	3	4	3	2	3	1	2	5	5	4	3	3	3	3	4	4	4	4	3	4	1	4	3	3	3	4	4	2	3	3	4	5	3
82791	4	4	4	2	2	2	2	2	2	2	4	4	4	4	2	2	2	2	2	2	4	5	3	4	5	5	5	5	5	5	5	5	5	5	5	1	5	5	1	1	5	5	1	5	5	1	5	5	5	5	1	1	1	1	1	1	1	5	5	5	5	5	5	5	5
24448	4	4	3	4	2	3	3	2	3	2	4	5	3	3	5	3	2	2	4	2	5	4	4	3	4	5	5	4	4	5	3	3	5	3	3	2	5	4	2	4	3	3	3	4	4	2	3	5	3	4	1	3	2	3	3	2	3	4	3	4	4	4	3	3	3
32515	4	5	1	5	5	3	4	3	2	1	5	5	3	3	4	1	5	3	2	2	4	2	4	3	4	5	3	1	4	5	4	5	4	4	5	4	4	3	2	3	5	5	3	4	5	2	3	5	4	3	2	2	3	3	3	1	2	5	5	5	3	2	4	3	4
23362	4	4	4	4	4	4	4	4	4	4	4	4	4	4	4	3	4	2	3	3	4	4	4	4	4	4	4	4	4	3	4	4	4	4	4	5	5	4	3	3	2	4	3	4	4	4	4	4	4	4	3	2	4	4	5	5	5	5	4	4	5	4	5	4	4
99607	4	5	5	2	4	5	4	3	5	3	5	5	5	3	2	4	4	3	2	5	5	3	4	4	3	4	5	4	4	4	5	5	5	5	5	1	5	5	5	3	3	4	3	4	4	3	3	4	3	4	2	3	2	2	1	2	2	5	2	3	5	5	5	5	3
23159	3	3	3	3	3	2	2	3	2	3	3	3	4	3	4	2	4	4	3	3	3	3	3	2	4	4	3	4	4	3	4	4	4	4	4	3	4	4	2	4	3	4	4	4	4	4	4	3	4	4	2	3	2	2	4	3	3	4	4	4	4	4	4	4	4
41179	4	2	4	2	4	2	4	4	1	3	3	2	1	5	4	5	2	3	5	5	5	4	1	5	2	2	4	2	5	2	1	4	3	2	2	4	1	2	2	4	4	4	1	2	4	5	4	4	1	4	1	4	5	2	1	5	2	2	1	4	2	4	1	5	2
77288	3	2	2	2	4	4	4	4	4	4	4	4	4	2	3	4	4	3	2	4	5	4	5	4	5	5	5	5	5	5	5	5	5	5	5	1	4	5	4	4	5	4	4	4	5	4	3	3	4	4	2	4	4	5	5	5	5	5	4	5	5	4	4	4	4
60362	4	2	2	2	4	5	5	4	4	5	4	4	5	5	5	4	4	4	3	4	5	4	5	4	4	5	5	4	4	3	5	4	4	5	5	2	5	4	3	4	2	5	2	3	4	3	5	5	4	4	3	4	4	5	5	3	2	5	5	4	5	4	4	4	4
53687	2	3	2	2	5	2	4	4	5	4	5	4	4	2	4	4	4	4	2	2	4	4	3	4	4	4	1	4	4	4	4	4	4	4	4	2	3	4	2	2	4	4	4	4	4	4	4	4	4	4	2	4	2	2	2	4	2	4	4	4	4	4	4	4	4
91909	5	2	2	1	2	4	4	4	4	3	2	4	4	4	4	4	2	4	2	4	4	2	2	4	5	5	5	5	5	5	5	5	5	5	5	1	5	5	1	4	2	5	5	5	5	4	5	5	3	3	5	5	2	3	3	3	1	5	5	5	5	5	5	5	5
90639	5	4	5	3	2	2	2	1	3	3	4	4	5	4	1	1	2	3	3	1	4	5	4	4	5	4	4	4	5	4	4	3	3	4	4	3	3	4	1	2	5	4	4	3	3	2	5	3	4	5	1	3	1	3	2	2	2	4	4	3	3	5	4	4	3
67734	4	2	5	5	5	4	5	5	1	4	5	5	5	5	5	5	2	5	4	5	4	5	4	4	5	5	4	4	4	4	5	2	5	5	5	1	4	4	2	2	4	4	5	5	5	1	5	5	5	5	1	1	1	1	1	5	4	2	4	4	4	5	5	5	4
81936	3	2	2	1	3	5	5	5	5	4	4	4	5	3	4	4	5	3	4	4	5	4	5	5	4	4	5	3	5	4	5	4	5	4	4	5	5	5	5	4	4	4	5	5	5	5	5	4	4	5	5	5	5	4	5	5	5	5	4	5	5	5	5	4	4
85437	2	5	4	2	4	5	5	5	4	4	4	5	2	4	4	4	4	2	4	4	4	5	5	4	4	5	3	5	5	5	5	2	4	4	4	4	4	4	4	2	2	4	2	2	3	4	4	2	2	4	4	5	4	5	5	5	5	5	5	5	4	4	5	3	2
32948	2	2	4	1	2	1	3	4	2	3	5	4	3	1	4	4	2	3	2	4	2	3	4	5	4	5	4	3	4	5	4	2	3	5	5	2	4	5	4	5	2	4	2	3	4	4	4	5	4	5	5	5	3	5	2	3	2	5	4	2	5	4	3	5	5
90848	4	2	2	4	4	5	5	5	5	5	5	4	1	4	4	5	4	5	1	4	4	5	4	5	5	4	5	5	5	5	5	5	5	5	5	1	5	5	1	5	1	5	5	5	5	1	5	5	5	4	2	5	5	5	5	4	4	5	5	5	5	5	5	5	5
84010	2	1	1	5	3	5	5	5	5	5	3	1	4	4	2	3	4	4	2	4	4	5	4	5	5	5	5	5	4	2	4	3	3	5	5	3	4	5	4	3	1	4	4	4	4	4	4	4	3	4	4	4	3	3	5	4	3	2	2	4	4	4	4	4	4
26831	3	2	4	3	4	3	4	5	4	3	3	3	5	3	3	3	4	3	3	3	4	4	4	5	4	5	5	5	4	4	5	5	4	4	4	3	5	5	4	4	4	4	3	4	4	4	4	4	4	4	4	4	4	5	5	4	3	4	4	4	5	5	5	5	5
39579	4	1	2	4	4	4	5	5	5	5	1	4	4	4	5	3	4	4	2	4	4	4	5	4	4	4	4	4	4	4	5	5	5	5	5	3	4	5	5	4	5	5	4	4	5	2	5	5	4	5	2	5	4	4	4	4	4	5	5	5	5	5	5	5	5
59439	3	2	2	2	5	5	5	5	5	3	5	5	5	5	5	5	5	5	5	5	4	3	4	4	2	4	4	2	4	4	5	5	5	5	5	5	5	5	5	5	5	5	4	5	5	5	4	4	4	4	4	4	4	4	5	5	4	5	4	4	4	5	4	5	4
77464	4	3	4	5	4	5	5	5	5	5	4	4	5	3	4	4	1	4	2	4	4	4	4	4	4	4	5	4	4	4	5	5	4	5	5	4	5	4	5	5	4	4	4	3	2	4	4	3	4	4	4	4	3	2	5	2	2	4	4	4	4	5	4	5	5
67594	2	1	4	1	3	2	1	5	3	2	5	4	4	5	3	5	3	2	2	1	4	5	4	2	4	5	5	4	4	4	5	3	4	5	4	2	5	4	1	2	4	4	3	3	4	3	4	5	4	3	3	2	2	1	1	2	1	5	5	4	5	4	5	4	5
15110	5	5	1	1	2	1	2	5	1	3	5	1	3	1	5	3	1	5	1	1	5	5	5	5	5	5	5	5	5	5	5	5	5	5	5	1	5	5	3	5	3	5	5	4	5	5	5	5	3	5	5	1	2	2	1	1	1	4	3	5	5	5	5	5	5
38660	5	4	3	3	2	2	2	2	3	3	2	5	5	4	1	3	4	3	4	1	3	4	5	5	5	4	4	3	5	4	4	4	4	5	5	4	3	5	2	2	4	2	4	3	4	3	4	4	3	3	1	2	3	2	2	5	1	4	4	2	4	2	4	3	5
40667	3	3	3	2	3	3	3	2	4	3	3	4	2	3	3	4	3	2	3	3	4	3	3	3	3	3	2	4	4	3	2	4	4	4	3	1	4	4	4	3	3	3	4	3	3	2	2	3	5	4	2	3	3	3	2	5	4	3	3	4	4	1	3	4	3
27745	3	2	4	2	4	2	4	2	3	4	2	3	3	4	4	4	2	3	3	2	4	5	3	2	2	3	3	5	3	3	4	4	1	4	2	3	2	2	4	4	2	2	2	2	2	4	2	2	2	2	4	4	4	4	4	4	4	2	2	2	2	2	2	2	2
91459	4	2	3	3	4	5	5	5	5	5	3	4	4	4	4	4	4	4	2	4	5	2	4	4	4	4	4	4	4	4	4	4	4	4	4	4	4	4	4	4	5	4	3	4	4	4	3	5	3	5	5	5	5	5	5	5	5	5	5	5	5	5	5	5	5
30876	4	4	4	2	2	2	2	1	2	2	3	4	4	4	2	2	2	2	2	2	4	5	5	5	5	5	5	5	5	5	4	5	5	4	5	1	5	5	1	1	5	5	5	5	5	1	4	5	5	5	2	1	1	1	1	1	2	5	5	5	5	5	5	4	5
74369	5	1	5	5	5	1	4	5	5	5	5	5	5	5	5	5	5	5	5	5	5	5	5	5	5	5	5	5	5	5	5	5	5	5	5	5	5	5	5	5	5	5	5	5	5	5	5	5	5	5	1	5	5	5	5	5	5	5	5	5	5	5	5	5	5
19288	4	4	3	3	4	3	3	4	4	4	2	2	3	4	4	3	2	2	3	2	3	3	2	4	3	3	3	3	4	3	2	2	3	3	3	4	4	2	2	3	3	3	3	3	2	3	2	2	2	2	4	4	3	4	4	3	4	2	3	2	4	2	2	2	3
11824	4	4	3	4	4	4	4	5	5	2	4	4	4	3	4	3	3	4	3	2	5	4	4	4	3	4	5	4	5	5	5	5	5	5	5	3	4	5	4	4	4	4	3	3	3	4	4	3	3	4	3	3	4	4	4	4	4	4	2	4	4	4	4	4	4
89955	4	2	2	4	4	4	4	4	4	4	4	4	4	4	4	4	4	4	4	4	5	4	5	5	5	5	5	5	5	5	5	5	5	5	5	4	4	5	4	4	4	2	1	1	1	5	5	5	5	5	1	5	1	5	5	5	2	5	5	5	5	5	5	5	5
25110	3	3	3	3	3	3	3	3	3	3	3	3	3	3	3	3	3	3	3	3	3	3	3	3	3	3	3	3	3	3	3	3	3	3	3	3	3	3	3	3	3	3	3	3	3	3	3	3	3	3	3	3	3	3	3	3	3	3	3	3	3	3	3	3	3
24789	2	1	5	4	3	3	2	2	1	1	3	4	5	3	4	2	3	1	4	3	5	4	4	2	2	5	4	5	4	5	4	4	4	4	5	2	3	4	1	3	3	5	4	5	5	1	4	5	5	4	1	2	3	1	1	1	1	5	5	5	4	5	5	4	4
60045	4	4	4	1	2	2	2	2	2	2	4	4	5	5	1	1	1	1	1	1	5	5	5	5	5	5	5	5	5	5	5	5	5	5	5	1	5	5	1	1	5	5	5	5	5	1	5	5	5	5	1	1	1	1	1	1	1	5	5	5	5	5	5	5	5
60417	4	4	4	1	3	1	2	2	2	2	5	4	3	4	1	2	1	2	1	3	4	3	5	5	5	3	4	4	3	4	5	3	4	4	3	2	4	5	1	3	3	4	4	3	3	3	4	4	4	4	2	3	3	2	1	2	1	5	4	4	4	3	3	5	5
78236	4	3	4	4	5	5	3	5	5	1	5	5	5	3	5	1	5	3	3	5	3	5	4	4	4	5	5	5	5	5	5	3	4	4	4	4	5	4	4	4	3	3	3	3	4	3	5	3	3	4	4	4	3	4	5	3	2	5	3	5	5	5	5	5	5
38985	4	4	1	4	2	2	2	4	1	2	5	4	4	5	4	1	1	2	5	2	5	5	3	4	4	2	2	5	4	4	5	3	4	2	4	2	5	3	3	3	2	4	5	4	3	4	4	4	4	4	4	2	1	3	1	2	3	4	5	5	4	4	5	5	5
40230	1	1	1	2	2	1	2	2	2	2	3	3	3	2	3	2	2	3	2	1	5	2	4	5	4	4	4	5	5	5	3	4	3	4	4	3	3	4	1	2	4	4	5	5	5	5	5	4	4	4	2	5	5	5	5	5	5	5	5	5	5	5	5	4	4
41893	5	4	4	2	1	2	3	2	1	5	2	3	4	2	2	3	2	1	2	3	5	4	4	4	4	4	4	5	4	4	3	5	4	5	3	1	3	4	1	2	5	3	4	4	5	2	3	4	5	3	1	2	4	4	5	4	2	4	5	3	5	5	4	4	5
89425	2	4	4	2	4	2	4	4	2	2	2	2	5	4	5	4	1	4	2	4	4	2	4	5	5	5	5	4	5	4	5	4	4	4	4	4	5	4	4	5	2	4	4	4	5	4	4	5	5	5	4	2	4	4	4	2	2	5	4	2	5	5	4	5	5
63710	4	3	4	2	3	2	2	5	5	4	2	3	4	1	2	4	1	2	2	2	4	3	4	4	4	2	4	4	4	4	5	4	4	4	2	2	4	2	2	2	5	4	2	4	1	2	4	4	3	5	2	2	3	2	3	2	2	2	3	4	4	4	2	4	2
42054	5	4	4	3	2	4	2	2	2	1	5	5	4	3	2	2	3	2	2	3	5	4	4	4	5	5	5	5	4	4	5	4	4	4	5	2	4	3	2	2	3	4	4	5	4	2	5	5	4	4	3	1	2	2	3	2	2	5	4	4	5	5	4	5	4
