    -0.856     -1.034      0.213      0.031      0.344     -0.979     -0.255 49789      0.002      0.998      0.000      0.000      2.000
    -0.559     -0.590     -0.236     -0.295     -0.066     -0.645     -0.307 52555      1.000      0.000      0.000      0.000      1.000
    -0.488     -0.644     -0.615     -0.870     -0.360     -0.248     -0.870 61796      0.020      0.000      0.980      0.000      3.000
    -0.625     -1.028      0.231      0.164      0.403     -0.882      0.264 56942      0.000      1.000      0.000      0.000      2.000
     0.138     -0.350     -0.884     -1.050     -0.823     -0.081     -1.252 55531      0.000      0.000      1.000      0.000      3.000
     0.151      0.251     -1.269     -1.334     -1.219      0.232     -1.503 22649      0.000      0.000      1.000      0.000      3.000
    -0.486     -0.607     -0.336     -0.476     -0.307     -0.435     -0.558 65088      1.000      0.000      0.000      0.000      1.000
    -0.317     -0.429     -0.487     -0.692     -0.382     -0.191     -0.836 89877      0.140      0.000      0.860      0.000      3.000
    -0.115     -0.262     -0.754     -0.855     -0.293     -0.212     -0.860 45882      0.000      0.000      1.000      0.000      3.000
    -0.188     -0.298      0.022      0.100      0.402     -0.574      0.110 21747      0.997      0.001      0.000      0.002      1.000
     0.243      0.507      0.913      0.708      0.925      1.272      0.782 13023      0.000      0.000      0.000      1.000      4.000
    -0.406     -0.359     -0.492     -0.443     -0.473     -0.497     -0.436 94278      0.995      0.000      0.005      0.000      1.000
     0.714      1.000     -0.343     -0.275     -0.474      0.774     -0.411 22095      0.000      0.000      0.860      0.140      3.000
    -0.089     -0.098     -0.838     -0.925     -0.634     -0.060     -0.982 64748      0.000      0.000      1.000      0.000      3.000
    -0.776     -0.910      0.162      0.061      0.270     -0.807      0.088 40926      0.008      0.992      0.000      0.000      2.000
    -0.285     -0.074     -0.888     -0.811     -0.349     -0.495     -0.646 89594      0.004      0.000      0.996      0.000      3.000
    -1.128     -1.343      0.537      0.492      0.724     -1.337      0.663 88337      0.000      1.000      0.000      0.000      2.000
     0.126     -0.182     -0.532     -0.594     -0.571     -0.394     -0.859 42376      0.005      0.000      0.995      0.000      3.000
    -0.010      0.344     -0.659     -0.483     -0.381     -0.343     -0.735 45300      0.028      0.000      0.972      0.000      3.000
    -0.676     -1.039     -0.295     -0.447     -0.173     -0.707     -0.272 49283      1.000      0.000      0.000      0.000      1.000
    -0.471     -0.515     -0.514     -0.557     -0.419     -0.465     -0.459 81276      0.994      0.000      0.006      0.000      1.000
    -0.217     -0.204     -0.659     -0.671     -0.421     -0.430     -0.753 96894      0.074      0.000      0.926      0.000      3.000
    -0.215     -0.221     -0.253     -0.157     -0.261     -0.614     -0.212 82770      1.000      0.000      0.000      0.000      1.000
    -0.265      0.296     -0.524     -0.429      0.122     -0.202     -0.330 60876      0.987      0.000      0.013      0.000      1.000
    -0.044      0.019     -0.981     -1.127     -0.727      0.101     -1.224 72323      0.000      0.000      1.000      0.000      3.000
     0.884      0.386      0.956      0.737      0.563      1.477      0.877 46065      0.000      0.000      0.000      1.000      4.000
     0.045     -0.403     -0.625     -0.601     -0.683     -0.287     -0.425 80598      0.047      0.000      0.953      0.000      3.000
     1.029      1.472      0.127      0.567     -0.243      0.734      0.637 11413      0.000      0.000      0.000      1.000      4.000
    -0.115     -0.056     -0.503     -0.542     -0.175     -0.008     -0.411 69193      0.710      0.000      0.290      0.000      1.000
    -0.941     -1.206      0.211      0.100      0.216     -1.129      0.048 58748      0.000      1.000      0.000      0.000      2.000
    -0.358     -1.027      0.378      0.178      0.383     -0.766      0.034 23359      0.002      0.998      0.000      0.000      2.000
     1.096      1.276      0.718      0.754      0.093      1.519      0.742 55211      0.000      0.000      0.000      1.000      4.000
    -0.099      0.189     -1.476     -1.617     -0.870      0.208     -1.746 18368      0.000      0.000      1.000      0.000      3.000
     0.636      1.425      0.168      0.510      0.113      0.871      0.700 36326      0.000      0.000      0.000      1.000      4.000
    -0.529     -0.785     -0.383     -0.552     -0.424     -0.453     -0.505 47188      0.999      0.000      0.001      0.000      1.000
    -0.616     -0.591     -0.439     -0.600     -0.411     -0.464     -0.688 91414      0.988      0.000      0.012      0.000      1.000
     0.134     -0.253     -0.471     -0.453     -0.694     -0.215     -0.489 38471      0.095      0.000      0.905      0.000      3.000
    -0.386     -0.489     -0.404     -0.579     -0.178     -0.399     -0.810 17075      0.973      0.000      0.027      0.000      1.000
    -0.527     -0.643      0.007      0.022      0.088     -0.822      0.022 57604      0.976      0.024      0.000      0.000      1.000
    -0.850     -1.320      0.840      0.702      0.665     -1.130      0.567 50420      0.000      1.000      0.000      0.000      2.000
    -0.799     -0.842      0.194      0.155      0.316     -0.922      0.153 98284      0.000      1.000      0.000      0.000      2.000
     1.214      1.753      0.757      1.004      0.818      1.585      1.151 51122      0.000      0.000      0.000      1.000      4.000
    -1.107     -1.549      0.857      0.887      0.572     -1.653      0.963 44523      0.000      1.000      0.000      0.000      2.000
    -0.023      0.104     -1.023     -1.009     -0.729     -0.095     -1.097 69804      0.000      0.000      1.000      0.000      3.000
    -0.867     -1.052      0.335      0.228      0.377     -0.881      0.291 49841      0.000      1.000      0.000      0.000      2.000
    -0.502     -0.525     -0.124     -0.096      0.134     -0.841     -0.115 81810      1.000      0.000      0.000      0.000      1.000
    -0.352     -0.734     -0.160     -0.545     -0.511     -0.148     -0.924 29910      0.606      0.000      0.394      0.000      1.000
     0.717      0.694      0.230      0.334      0.558      0.613      0.269 97740      0.000      0.000      0.000      1.000      4.000
    -0.220     -0.200      0.012      0.108      0.304     -0.663      0.026 93173      0.999      0.000      0.000      0.000      1.000
     1.192      1.687      0.897      1.120      0.910      1.509      1.213 16730      0.000      0.000      0.000      1.000      4.000
    -0.690     -0.334      0.658      0.885      0.893     -1.209      0.825 53992      0.000      1.000      0.000      0.000      2.000
     0.415      0.068      0.771      0.643      0.440      0.640      0.696 14961      0.000      0.000      0.000      1.000      4.000
     0.421      0.573     -1.595     -1.693     -1.095      0.559     -1.771 48422      0.000      0.000      1.000      0.000      3.000
    -0.146     -0.113     -0.796     -0.872     -0.617     -0.093     -0.935 15344      0.000      0.000      1.000      0.000      3.000
    -0.565     -0.967     -0.026     -0.361      0.098     -0.222     -0.344 21735      1.000      0.000      0.000      0.000      1.000
    -0.595     -0.838     -0.333     -0.453     -0.167     -0.619     -0.454 37074      1.000      0.000      0.000      0.000      1.000
     0.025     -0.239     -0.752     -0.889     -0.354     -0.042     -0.908 10310      0.000      0.000      1.000      0.000      3.000
    -0.176     -0.018     -0.373     -0.335     -0.173     -0.228     -0.406 56746      0.996      0.000      0.004      0.000      1.000
     0.208      0.076     -0.608     -0.745     -0.562      0.089     -1.054 36339      0.000      0.000      1.000      0.000      3.000
    -0.356     -0.017     -0.779     -0.849     -0.574     -0.310     -1.067 56238      0.000      0.000      1.000      0.000      3.000
    -0.959     -1.128      0.398      0.282      0.529     -1.063      0.300 21659      0.000      1.000      0.000      0.000      2.000
    -0.881     -1.116      0.580      0.537      0.707     -1.152      0.611 60960      0.000      1.000      0.000      0.000      2.000
    -0.172      0.335     -1.087     -1.072     -0.778     -0.224     -1.334 39397      0.000      0.000      1.000      0.000      3.000
     0.486      0.728      0.595      0.550      0.102      1.175      0.698 29297      0.000      0.000      0.000      1.000      4.000
     0.761      0.307      0.490      0.295     -0.242      1.248      0.250 84402      0.000      0.000      0.000      1.000      4.000
    -0.774     -0.950      0.023     -0.078      0.476     -0.912     -0.011 83330      0.011      0.989      0.000      0.000      2.000
    -0.411     -0.556     -0.368     -0.426     -0.692     -0.509     -0.615 40782      0.970      0.000      0.030      0.000      1.000
     0.246      0.281      0.077      0.211      0.000     -0.152      0.104 17732      0.029      0.000      0.000      0.971      4.000
    -0.167     -0.213     -1.169     -1.511     -0.562      0.109     -1.776 38927      0.000      0.000      1.000      0.000      3.000
    -0.764     -0.782     -0.050     -0.100     -0.028     -0.732     -0.012 46624      0.992      0.008      0.000      0.000      1.000
    -0.557     -0.501     -0.060     -0.199     -0.303     -0.059     -0.071 76785      1.000      0.000      0.000      0.000      1.000
    -0.678     -0.685     -0.115     -0.170     -0.109     -0.653     -0.092 38418      1.000      0.000      0.000      0.000      1.000
    -0.783     -1.092      0.382      0.167      0.293     -0.772      0.089 56047      0.000      1.000      0.000      0.000      2.000
    -1.366     -1.492      0.656      0.647      0.829     -1.567      0.810 12671      0.000      1.000      0.000      0.000      2.000
     0.632      0.906      0.969      0.969      0.718      1.390      1.151 18507      0.000      0.000      0.000      1.000      4.000
    -0.517     -0.457     -0.395     -0.450     -0.193     -0.561     -0.545 42528      1.000      0.000      0.000      0.000      1.000
     0.428      0.531      0.035     -0.052     -0.294      1.044      0.029 33164      0.000      0.000      0.000      1.000      4.000
    -0.155     -0.132     -0.838     -0.933     -0.628     -0.081     -0.981 58036      0.000      0.000      1.000      0.000      3.000
    -0.673     -1.018      0.117     -0.077     -0.001     -0.679     -0.189 64428      0.979      0.021      0.000      0.000      1.000
     0.077      0.099     -0.400     -0.307     -0.264     -0.311     -0.354 73881      0.979      0.000      0.021      0.000      1.000
     0.017     -0.548      0.301      0.462      0.191     -0.814      0.486 13763      0.000      0.085      0.000      0.914      4.000
     0.753      0.963      0.216      0.362     -0.142      0.763      0.313 66311      0.000      0.000      0.000      1.000      4.000
    -0.152     -0.112     -0.514     -0.594     -0.612     -0.155     -0.809 72110      0.007      0.000      0.993      0.000      3.000
    -0.220     -0.211     -0.415     -0.405     -0.026     -0.123     -0.076 22856      0.999      0.000      0.001      0.000      1.000
     0.160     -0.136     -0.790     -0.913     -0.731     -0.082     -1.081 88672      0.000      0.000      1.000      0.000      3.000
     0.135      0.172     -0.803     -0.786     -0.592     -0.025     -0.790 86873      0.000      0.000      1.000      0.000      3.000
    -0.263     -0.289     -0.721     -0.839     -0.553     -0.146     -0.831 84671      0.000      0.000      1.000      0.000      3.000
    -0.744     -1.165      0.118     -0.182      0.132     -0.530     -0.265 49847      0.982      0.018      0.000      0.000      1.000
    -0.914     -1.085      0.388      0.447      0.794     -1.464      0.448 45539      0.000      1.000      0.000      0.000      2.000
    -0.768     -1.036     -0.200     -0.499     -0.312     -0.395     -0.568 70511      1.000      0.000      0.000      0.000      1.000
     0.303      0.357      0.265      0.321     -0.313      0.104     -0.072 38906      0.000      0.000      0.000      1.000      4.000
    -0.358     -0.323     -0.295     -0.269      0.005     -0.480     -0.221 39307      1.000      0.000      0.000      0.000      1.000
    -0.127     -0.124     -0.712     -0.838     -0.326     -0.046     -0.965 95846      0.000      0.000      1.000      0.000      3.000
    -0.846     -1.384      0.276      0.030      0.213     -0.910      0.011 44719      0.000      1.000      0.000      0.000      2.000
     0.881      0.918      0.516      0.795     -0.304      0.724      0.864 71298      0.000      0.000      0.000      1.000      4.000
    -0.065     -0.049     -0.515     -0.630     -0.298      0.154     -0.574 60446      0.020      0.000      0.980      0.000      3.000
    -0.205      0.353     -1.054     -0.822     -0.710     -0.118     -0.448 72017      0.000      0.000      1.000      0.000      3.000
     0.395      0.132     -1.165     -1.262     -1.147      0.614     -1.096 92323      0.000      0.000      1.000      0.000      3.000
     0.748      0.952      0.384      0.724      0.575      0.349      0.872 62789      0.000      0.000      0.000      1.000      4.000
    -0.680     -1.298      0.587      0.520      0.626     -1.176      0.527 16022      0.000      1.000      0.000      0.000      2.000
    -0.005      0.007      0.783      0.784      0.451      0.236      0.934 57375      0.000      0.000      0.000      1.000      4.000
     0.289      0.675      0.448      0.534      0.612      0.931      0.885 59290      0.000      0.000      0.000      1.000      4.000
    -0.917     -1.038      0.213      0.116      0.345     -0.894      0.233 25441      0.000      1.000      0.000      0.000      2.000
     0.513      0.726     -1.630     -1.766     -1.480      0.799     -1.954 54418      0.000      0.000      1.000      0.000      3.000
    -0.222     -0.231     -1.108     -1.191     -0.878     -0.340     -1.283 34935      0.000      0.000      1.000      0.000      3.000
    -0.619     -1.039     -0.657     -0.979     -0.573     -0.614     -1.296 46199      0.000      0.000      1.000      0.000      3.000
    -0.588     -0.750      0.039     -0.018      0.389     -0.793     -0.037 66785      0.505      0.495      0.000      0.000      1.000
    -1.078     -1.491      0.738      0.693      0.737     -1.492      0.742 57217      0.000      1.000      0.000      0.000      2.000
    -0.103     -0.979      0.039     -0.241      0.193     -0.467     -0.273 20618      1.000      0.000      0.000      0.000      1.000
    -0.230     -0.196     -0.809     -0.851     -0.587     -0.123     -0.591 84895      0.000      0.000      1.000      0.000      3.000
     0.063      0.054     -0.649     -0.627     -0.054     -0.233     -0.717 74533      0.051      0.000      0.949      0.000      3.000
     1.110      1.509      0.774      1.044      0.005      1.077      0.894 85423      0.000      0.000      0.000      1.000      4.000
     0.196      0.326     -1.354     -1.468     -1.170      0.384     -1.591 92098      0.000      0.000      1.000      0.000      3.000
    -0.815     -1.159      0.430      0.333      0.785     -1.103      0.345 61110      0.000      1.000      0.000      0.000      2.000
     0.081      0.233      0.740      0.862      0.915      0.206      1.063 39389      0.000      0.000      0.000      1.000      4.000
     0.452      1.158     -0.339      0.260      0.185     -0.604      0.232 40354      0.000      0.000      0.000      1.000      4.000
    -0.734     -0.924     -0.110     -0.185      0.322     -0.950     -0.120 89482      0.632      0.368      0.000      0.000      1.000
    -0.883     -1.165      0.189      0.088      0.370     -0.970      0.187 39545      0.000      1.000      0.000      0.000      2.000
    -0.824     -1.040      0.113      0.010      0.260     -0.931      0.051 49611      0.004      0.996      0.000      0.000      2.000
    -0.819     -1.071      0.009     -0.077      0.233     -0.958      0.003 93692      0.041      0.959      0.000      0.000      2.000
     1.029      0.960     -0.104      0.105     -1.459      1.165      0.330 96298      0.000      0.000      0.000      1.000      4.000
    -0.286     -0.376     -0.191     -0.178     -0.081     -0.643     -0.349 70552      1.000      0.000      0.000      0.000      1.000
     0.486      0.628      0.098      0.038      0.031      0.998      0.103 52758      0.000      0.000      0.000      1.000      4.000
     0.538      0.808      0.243      0.302     -0.031      1.123      0.624 91303      0.000      0.000      0.000      1.000      4.000
    -0.848     -1.034      0.026     -0.081      0.437     -0.940      0.013 11035      0.004      0.996      0.000      0.000      2.000
    -0.174     -0.128     -0.515     -0.517     -0.413     -0.479     -0.616 10994      0.843      0.000      0.157      0.000      1.000
     0.910      0.880      0.057      0.128     -0.294      1.084      0.186 61317      0.000      0.000      0.000      1.000      4.000
     0.196      0.093     -0.721     -0.900     -0.523      0.494     -0.991 43376      0.000      0.000      1.000      0.000      3.000
    -0.492     -0.583     -0.260     -0.177     -0.166     -0.977     -0.207 79261      1.000      0.000      0.000      0.000      1.000
    -1.447     -1.915      1.041      0.872      0.998     -1.579      0.962 44887      0.000      1.000      0.000      0.000      2.000
     0.447     -0.016     -0.476     -0.587     -0.805     -0.019     -1.068 66290      0.000      0.000      1.000      0.000      3.000
     0.022      0.278     -0.407     -0.351     -0.004     -0.123     -0.467 42089      0.932      0.000      0.068      0.000      1.000
     0.483      0.764     -1.607     -1.603     -1.312      0.579     -1.668 23171      0.000      0.000      1.000      0.000      3.000
    -0.331     -0.407     -0.500     -0.596     -0.335     -0.156     -0.446 56132      0.937      0.000      0.063      0.000      1.000
     0.356      0.483     -1.360     -1.413     -1.226      0.484     -1.542 14086      0.000      0.000      1.000      0.000      3.000
    -0.496     -0.599     -0.321     -0.311     -0.144     -0.680     -0.192 78759      1.000      0.000      0.000      0.000      1.000
    -0.141     -0.115     -0.830     -0.942     -0.630      0.001     -0.980 92727      0.000      0.000      1.000      0.000      3.000
    -0.207     -0.082     -0.446     -0.455     -0.285     -0.142     -0.298 79984      0.977      0.000      0.023      0.000      1.000
    -0.839     -1.295      0.502      0.481      0.694     -1.437      0.519 42064      0.000      1.000      0.000      0.000      2.000
     0.338      0.528      0.108      0.024     -0.371      0.755     -0.011 81924      0.000      0.000      0.001      0.999      4.000
     1.099      1.584      0.709      0.909      0.501      1.438      1.021 52161      0.000      0.000      0.000      1.000      4.000
     0.212      0.219     -1.350     -1.491     -1.552      0.396     -1.647 85216      0.000      0.000      1.000      0.000      3.000
     0.090     -0.029     -0.739     -0.788     -0.657     -0.197     -1.116 39182      0.000      0.000      1.000      0.000      3.000
    -1.177     -1.559      0.588      0.411      0.698     -1.350      0.456 53093      0.000      1.000      0.000      0.000      2.000
    -0.165     -0.096     -0.173     -0.086      0.212     -0.430      0.052 21576      1.000      0.000      0.000      0.000      1.000
     0.449      0.802      0.901      0.968      0.125      1.040      1.063 75331      0.000      0.000      0.000      1.000      4.000
     0.843      1.082      0.398      0.766     -0.257      0.408      0.783 65156      0.000      0.000      0.000      1.000      4.000
     1.118      1.161      0.453      0.535     -0.102      1.462      0.569 72370      0.000      0.000      0.000      1.000      4.000
     0.018      0.146     -0.154     -0.102     -0.391      0.072     -0.070 10441      0.939      0.000      0.058      0.003      1.000
     0.590      0.593     -0.032      0.094     -0.119      0.284     -0.148 63154      0.000      0.000      0.002      0.998      4.000
     0.120      0.035     -1.117     -1.246     -1.068      0.289     -1.342 64936      0.000      0.000      1.000      0.000      3.000
     0.114      0.025     -1.186     -1.395     -0.824      0.266     -1.564 20775      0.000      0.000      1.000      0.000      3.000
     0.468      0.153     -0.635     -0.614     -0.607      0.140     -0.725 23804      0.000      0.000      1.000      0.000      3.000
     0.841      0.813      0.840      0.831      0.513      1.409      0.982 68956      0.000      0.000      0.000      1.000      4.000
     0.316      0.337      0.289      0.092      0.666      1.058      0.329 64500      0.000      0.000      0.000      1.000      4.000
    -0.249     -0.202     -0.876     -1.016     -0.577     -0.181     -1.178 22120      0.000      0.000      1.000      0.000      3.000
     1.010      1.245      0.552      0.618      0.115      1.155      0.354 34285      0.000      0.000      0.000      1.000      4.000
    -0.174      0.387     -0.186      0.016      0.273     -0.342     -0.017 60964      0.999      0.000      0.000      0.001      1.000
    -0.527     -0.642     -0.664     -0.830     -0.367     -0.524     -0.986 31452      0.023      0.000      0.977      0.000      3.000
     0.132     -0.002     -0.695     -0.762     -0.763      0.154     -0.889 39425      0.000      0.000      1.000      0.000      3.000
     1.105      1.356      0.621      0.743      0.604      1.264      0.587 11547      0.000      0.000      0.000      1.000      4.000
     0.218      0.248     -0.334     -0.529     -0.191      0.346     -0.914 25519      0.000      0.000      1.000      0.000      3.000
     0.628      1.024     -2.162     -2.322     -1.994      1.214     -2.410 63550      0.000      0.000      1.000      0.000      3.000
     0.492      0.476      0.532      0.564      0.193      0.354      0.354 26114      0.000      0.000      0.000      1.000      4.000
     0.424      0.084      0.281      0.089      0.066      0.718      0.085 84366      0.000      0.000      0.000      1.000      4.000
    -0.326      0.050     -1.054     -1.228     -0.478      0.221     -1.216 13618      0.000      0.000      1.000      0.000      3.000
     0.967      1.331      1.040      1.139      0.949      1.475      1.241 80544      0.000      0.000      0.000      1.000      4.000
     1.137      1.373      0.511      0.676     -0.492      1.359      0.620 36396      0.000      0.000      0.000      1.000      4.000
     0.242      0.283     -0.302     -0.204     -0.208      0.035     -0.207 83188      0.797      0.000      0.202      0.001      1.000
     0.368      0.518     -0.257     -0.281     -0.378      0.551     -0.413 53642      0.000      0.000      0.997      0.003      3.000
    -0.611     -1.004      0.647      0.703      0.901     -1.459      0.552 71207      0.000      1.000      0.000      0.000      2.000
     1.163      1.801      0.402      0.739      0.327      1.523      0.963 61899      0.000      0.000      0.000      1.000      4.000
    -0.263     -0.311     -0.708     -0.701     -0.708     -0.230     -0.488 26386      0.008      0.000      0.992      0.000      3.000
     0.707      0.793      0.343      0.408      0.241      0.904      0.489 45034      0.000      0.000      0.000      1.000      4.000
    -1.177     -1.559      0.567      0.465      0.688     -1.403      0.601 39052      0.000      1.000      0.000      0.000      2.000
     0.784      1.427      0.931      1.054      0.681      1.456      1.169 11280      0.000      0.000      0.000      1.000      4.000
     1.051      0.943      0.482      0.508     -0.012      1.460      0.682 46109      0.000      0.000      0.000      1.000      4.000
    -0.972     -1.224      0.562      0.440      0.580     -1.028      0.559 58009      0.000      1.000      0.000      0.000      2.000
    -1.169     -1.474      0.588      0.524      0.860     -1.468      0.628 16728      0.000      1.000      0.000      0.000      2.000
    -0.689     -0.754      0.305      0.395      0.579     -1.221      0.405 94141      0.000      1.000      0.000      0.000      2.000
     0.938      1.107      0.285      0.425     -0.335      1.045      0.289 73369      0.000      0.000      0.000      1.000      4.000
     0.209      0.463      0.924      0.910      0.678      0.903      1.109 74501      0.000      0.000      0.000      1.000      4.000
     0.724      0.813      0.639      0.792      0.634      0.833      0.909 79610      0.000      0.000      0.000      1.000      4.000
     0.500      0.594     -0.092     -0.159     -0.318      0.690     -0.369 19090      0.000      0.000      0.424      0.576      4.000
     0.494      1.158      0.737      0.991      0.887      0.595      1.084 52601      0.000      0.000      0.000      1.000      4.000
     0.621      0.701      0.439      0.659      0.544      0.238      0.656 74824      0.000      0.000      0.000      1.000      4.000
     0.858      1.506      0.034      0.344      0.508      0.882      0.513 17145      0.000      0.000      0.000      1.000      4.000
    -0.757     -1.007      0.032     -0.069      0.234     -0.902     -0.010 13042      0.121      0.879      0.000      0.000      2.000
     1.262      1.786      0.352      0.672     -0.126      1.526      0.794 91356      0.000      0.000      0.000      1.000      4.000
    -0.425     -0.332     -0.021      0.002      0.135     -0.646     -0.160 18057      1.000      0.000      0.000      0.000      1.000
    -0.003     -0.171      0.938      0.892      0.916      0.085      0.894 49314      0.000      0.000      0.000      1.000      4.000
    -1.318     -1.585      0.498      0.388      0.718     -1.438      0.557 22193      0.000      1.000      0.000      0.000      2.000
     0.874      0.671      0.146      0.271     -0.370      0.710      0.293 56936      0.000      0.000      0.000      1.000      4.000
     0.819      1.041      0.406      0.551      0.308      1.024      0.641 76791      0.000      0.000      0.000      1.000      4.000
    -0.161      0.229     -0.877     -0.691     -0.603     -0.267     -0.559 38564      0.000      0.000      1.000      0.000      3.000
     0.089     -0.234     -0.195     -0.231     -0.132     -0.330     -0.395 20609      0.999      0.000      0.001      0.000      1.000
    -0.849     -1.117      0.253      0.089      0.313     -0.824      0.116 17216      0.000      1.000      0.000      0.000      2.000
     1.055      1.583      0.354      0.784      0.530      0.689      0.824 39130      0.000      0.000      0.000      1.000      4.000
    -0.027      0.338     -0.516     -0.281     -0.005     -0.424     -0.356 37264      0.991      0.000      0.009      0.000      1.000
    -0.155     -0.132     -0.838     -0.933     -0.628     -0.081     -0.981 55595      0.000      0.000      1.000      0.000      3.000
    -0.918     -1.241      0.296      0.253      0.419     -1.330      0.212 13532      0.000      1.000      0.000      0.000      2.000
     0.840      1.055      0.356      0.499      0.081      0.922      0.443 69379      0.000      0.000      0.000      1.000      4.000
     0.905      1.302      0.596      0.801      0.344      1.165      0.878 60713      0.000      0.000      0.000      1.000      4.000
    -0.362      0.124     -0.597     -0.679     -0.413     -0.204     -1.101 81726      0.000      0.000      1.000      0.000      3.000
     0.944      0.753      0.716      0.686      0.426      1.458      0.920 87451      0.000      0.000      0.000      1.000      4.000
    -0.251      0.341      0.469      0.774      0.143     -0.495      0.748 52881      0.000      0.000      0.000      1.000      4.000
    -0.396     -0.650      0.049      0.015      0.161     -0.675      0.010 48709      0.996      0.004      0.000      0.000      1.000
     0.677      1.215      0.251      0.353      0.313      1.014      0.302 53342      0.000      0.000      0.000      1.000      4.000
     0.327      0.162      0.212      0.187      0.055      0.551      0.375 11316      0.000      0.000      0.000      1.000      4.000
     0.291      0.394      0.052     -0.009      0.053      0.331     -0.364 24861      0.023      0.000      0.061      0.916      4.000
     0.121      0.111     -0.807     -0.803     -0.663     -0.200     -1.008 35456      0.000      0.000      1.000      0.000      3.000
    -0.920     -1.316      0.118      0.033      0.348     -1.280      0.123 81609      0.000      1.000      0.000      0.000      2.000
     0.377      0.524      0.265      0.309      0.191      0.242      0.013 76261      0.000      0.000      0.000      1.000      4.000
    -0.284     -0.245      0.264      0.247      0.213     -0.125      0.369 28065      0.033      0.000      0.000      0.966      4.000
     0.433      0.357      0.242      0.524     -0.251     -0.319      0.341 56937      0.000      0.000      0.000      1.000      4.000
     0.641      1.019      1.020      1.114      0.919      1.099      1.218 86496      0.000      0.000      0.000      1.000      4.000
     1.076      1.466      0.285      0.574      0.434      1.091      0.730 80735      0.000      0.000      0.000      1.000      4.000
    -0.034      0.362      0.439      0.589      0.046      0.105      0.699 71924      0.000      0.000      0.000      1.000      4.000
    -0.646     -0.740     -0.197     -0.351      0.158     -0.520     -0.304 23429      1.000      0.000      0.000      0.000      1.000
    -0.508     -0.681     -0.387     -0.540     -0.209     -0.402     -0.477 61688      1.000      0.000      0.000      0.000      1.000
    -0.666     -0.894      0.105      0.122     -0.007     -0.974      0.186 16765      0.023      0.977      0.000      0.000      2.000
    -0.379     -0.487     -0.455     -0.512     -0.384     -0.494     -0.618 55004      0.991      0.000      0.009      0.000      1.000
     0.183      0.158      0.909      0.930      0.044      0.487      1.006 98255      0.000      0.000      0.000      1.000      4.000
     0.215     -0.156      0.081      0.097      0.247     -0.186      0.060 63742      0.615      0.000      0.000      0.385      1.000
     0.647      0.593      0.298      0.239     -0.159      0.588     -0.278 60626      0.000      0.000      0.000      1.000      4.000
    -0.497     -0.641     -0.334     -0.414     -0.099     -0.577     -0.427 66441      1.000      0.000      0.000      0.000      1.000
    -0.685     -0.620     -0.236     -0.295      0.024     -0.613     -0.178 45159      1.000      0.000      0.000      0.000      1.000
     1.161      1.264      0.644      0.849     -0.334      1.364      0.921 25276      0.000      0.000      0.000      1.000      4.000
    -0.382     -0.423     -0.540     -0.461     -0.222     -0.732     -0.495 48143      0.999      0.000      0.001      0.000      1.000
     0.679      1.297      0.448      0.611     -0.057      1.291      0.702 16308      0.000      0.000      0.000      1.000      4.000
    -0.511     -0.563      0.002     -0.058      0.295     -0.620     -0.116 83637      0.998      0.002      0.000      0.000      1.000
     0.774      0.400      0.325      0.167      0.096      0.888     -0.068 52702      0.000      0.000      0.000      1.000      4.000
    -0.487     -0.585     -0.352     -0.421     -0.159     -0.528     -0.380 56709      1.000      0.000      0.000      0.000      1.000
     0.280      0.228      0.275      0.282     -0.062      0.173      0.104 87904      0.000      0.000      0.000      1.000      4.000
    -0.824     -1.032      0.135      0.054      0.274     -0.929      0.154 46841      0.001      0.999      0.000      0.000      2.000
    -0.114     -0.362      0.797      0.520      0.422      0.868      0.858 98324      0.000      0.000      0.000      1.000      4.000
     0.427      0.037      0.944      0.640      0.542      1.300      0.786 60852      0.000      0.000      0.000      1.000      4.000
     1.015      1.333      0.256      0.700     -0.383      0.600      0.696 66491      0.000      0.000      0.000      1.000      4.000
     0.557      0.570      0.565      0.592      0.815      0.919      0.883 36351      0.000      0.000      0.000      1.000      4.000
    -1.016     -1.234     -0.217     -0.482      0.019     -0.968     -0.486 14230      0.991      0.009      0.000      0.000      1.000
    -0.141      0.191      0.330      0.823      0.927     -1.087      0.949 46094      0.000      0.000      0.000      1.000      4.000
     0.700      1.224      0.156      0.373     -0.054      1.124      0.623 50539      0.000      0.000      0.000      1.000      4.000
    -0.941     -1.142      0.217      0.126      0.269     -0.987      0.200 70521      0.000      1.000      0.000      0.000      2.000
     0.219     -0.672      1.046      1.167      1.002     -0.872      1.109 21990      0.000      0.000      0.000      1.000      4.000
     0.386      0.307      0.814      0.617      0.897      1.217      0.871 15183      0.000      0.000      0.000      1.000      4.000
    -0.530     -0.432     -0.411     -0.357     -0.122     -0.730     -0.299 52525      1.000      0.000      0.000      0.000      1.000
     0.819      0.795      0.532      0.681     -0.424      0.782      0.687 22036      0.000      0.000      0.000      1.000      4.000
    -0.301     -0.254     -0.423     -0.602     -0.336      0.001     -0.666 56833      0.401      0.000      0.599      0.000      3.000
    -0.068      0.202     -0.614     -0.322     -0.461     -0.565     -0.240 74924      0.926      0.000      0.074      0.000      1.000
    -0.615     -0.950     -0.041     -0.284     -0.161     -0.691     -0.618 30740      1.000      0.000      0.000      0.000      1.000
     0.522      0.370     -0.371     -0.410     -0.441      0.598     -0.502 97169      0.000      0.000      1.000      0.000      3.000
     0.689      0.856      0.693      0.761      0.103      0.959      0.758 34213      0.000      0.000      0.000      1.000      4.000
     0.089      0.111     -0.910     -1.107     -1.260      0.603     -1.189 66661      0.000      0.000      1.000      0.000      3.000
     0.427      0.614     -0.541     -0.095     -1.650     -0.239     -0.135 32286      0.000      0.000      1.000      0.000      3.000
     0.089      0.163     -0.399     -0.312     -0.125     -0.227     -0.355 31593      0.977      0.000      0.023      0.000      1.000
     0.804      1.021     -0.223     -0.174     -0.443      0.977     -0.260 54598      0.000      0.000      0.010      0.990      4.000
     1.143      1.598      0.980      1.226      0.941      1.263      1.249 10190      0.000      0.000      0.000      1.000      4.000
    -0.348     -0.512     -0.307     -0.364     -0.019     -0.659     -0.464 89365      1.000      0.000      0.000      0.000      1.000
    -0.475     -0.581     -0.074     -0.104     -0.025     -0.566     -0.046 63059      1.000      0.000      0.000      0.000      1.000
     0.630      1.215      0.402      0.597      0.720      0.701      0.551 51954      0.000      0.000      0.000      1.000      4.000
     1.114      1.284      1.035      1.133      0.819      1.484      1.211 81426      0.000      0.000      0.000      1.000      4.000
     0.605      0.875     -0.266     -0.088     -0.463      0.676      0.010 85511      0.000      0.000      0.020      0.980      4.000
    -0.305     -0.647     -0.066     -0.193     -0.153     -0.349     -0.227 98830      1.000      0.000      0.000      0.000      1.000
     0.297      0.224      0.678      0.442      0.471      1.219      0.659 82249      0.000      0.000      0.000      1.000      4.000
    -0.826     -1.052      0.463      0.393      0.534     -0.912      0.544 39907      0.000      1.000      0.000      0.000      2.000
    -0.509     -0.567     -0.522     -0.513     -0.156     -0.721     -0.358 57809      1.000      0.000      0.000      0.000      1.000
     0.223     -0.097      0.520      0.348      0.582      0.787      0.710 19343      0.000      0.000      0.000      1.000      4.000
    -0.587     -0.797      0.763      0.703      0.719     -0.869      0.602 20920      0.000      1.000      0.000      0.000      2.000
    -0.155     -0.132     -0.838     -0.933     -0.628     -0.081     -0.981 19143      0.000      0.000      1.000      0.000      3.000
     0.489     -0.135     -0.961     -1.315     -1.255      0.682     -1.547 18764      0.000      0.000      1.000      0.000      3.000
    -1.318     -1.535      0.551      0.501      0.608     -1.535      0.676 85474      0.000      1.000      0.000      0.000      2.000
     0.159      0.267      0.355      0.318     -0.083      0.529      0.268 27371      0.000      0.000      0.000      1.000      4.000
     0.128      0.578     -0.079      0.076     -0.318     -0.202     -0.199 49668      0.925      0.000      0.030      0.045      1.000
     0.871      1.156      0.618      0.728      0.732      1.266      0.947 91319      0.000      0.000      0.000      1.000      4.000
    -0.216     -0.177     -0.600     -0.349     -0.073     -0.769     -0.192 90656      1.000      0.000      0.000      0.000      1.000
    -0.787     -0.810     -0.144     -0.006      0.558     -1.381      0.106 62211      0.000      1.000      0.000      0.000      2.000
     0.912      1.204      0.281      0.387      0.287      0.982      0.280 28920      0.000      0.000      0.000      1.000      4.000
    -0.598     -0.661     -0.085     -0.169      0.082     -0.573     -0.145 42735      1.000      0.000      0.000      0.000      1.000
     0.102      0.203     -0.894     -1.045     -0.720      0.558     -1.064 49086      0.000      0.000      1.000      0.000      3.000
     1.196      1.634      0.437      0.593      0.236      1.609      0.736 83643      0.000      0.000      0.000      1.000      4.000
    -0.666     -0.948      0.609      0.596      0.764     -1.075      0.651 71174      0.000      1.000      0.000      0.000      2.000
     0.908      1.022      0.101      0.334      0.143      0.441      0.193 53309      0.000      0.000      0.000      1.000      4.000
    -0.651     -0.828     -0.143     -0.205     -0.310     -0.732     -0.097 97551      1.000      0.000      0.000      0.000      1.000
     0.451      0.867     -0.441     -0.240     -0.036      0.251     -0.404 43099      0.004      0.000      0.985      0.011      3.000
     0.196     -0.025     -0.177     -0.402     -0.298      0.563     -0.556 99199      0.001      0.000      0.999      0.000      3.000
    -0.013      0.368      0.605      0.813      0.523     -0.118      0.836 99974      0.000      0.000      0.000      1.000      4.000
    -0.218     -0.265      0.632      0.547      0.416      0.099      0.593 24859      0.000      0.000      0.000      1.000      4.000
    -0.786     -1.213      0.314      0.133      0.112     -1.037     -0.002 64705      0.000      1.000      0.000      0.000      2.000
     0.928      1.389     -0.803     -0.256     -1.265     -0.002     -0.416 26090      0.000      0.000      1.000      0.000      3.000
     1.096      1.378      0.711      0.867     -0.012      1.446      0.946 69002      0.000      0.000      0.000      1.000      4.000
     0.894      1.283      0.627      0.814      0.476      1.222      0.980 88316      0.000      0.000      0.000      1.000      4.000
    -0.137     -0.208     -0.771     -0.868     -0.185     -0.064     -0.709 77441      0.001      0.000      0.999      0.000      3.000
    -0.913     -1.112      0.766      0.919      0.829     -1.584      1.000 82791      0.000      1.000      0.000      0.000      2.000
    -0.371     -0.455      0.093     -0.046     -0.031     -0.406     -0.248 24448      1.000      0.000      0.000      0.000      1.000
    -0.182     -0.279     -0.215     -0.199      0.144     -0.566     -0.386 32515      1.000      0.000      0.000      0.000      1.000
     0.428      0.318      0.172      0.158      0.043      0.709      0.334 23362      0.000      0.000      0.000      1.000      4.000
     0.214      0.298      0.341      0.730      0.065     -0.607      0.673 99607      0.000      0.000      0.000      1.000      4.000
    -0.341     -0.008     -0.286     -0.163      0.045     -0.354     -0.044 23159      1.000      0.000      0.000      0.000      1.000
    -0.075      0.258     -1.017     -1.165     -0.589      0.100     -1.312 41179      0.000      0.000      1.000      0.000      3.000
     0.482      0.462      0.797      0.704      0.264      0.971      0.628 77288      0.000      0.000      0.000      1.000      4.000
     0.681      0.864      0.409      0.537      0.184      0.692      0.464 60362      0.000      0.000      0.000      1.000      4.000
     0.263      0.341     -0.243     -0.045      0.112     -0.200     -0.028 53687      0.974      0.000      0.006      0.019      1.000
     0.115      0.347      0.626      0.852      0.583      0.015      0.998 91909      0.000      0.000      0.000      1.000      4.000
    -0.768     -1.217      0.135     -0.105      0.216     -0.832     -0.127 90639      0.115      0.885      0.000      0.000      2.000
     0.392      0.830      0.299      0.724      0.759     -0.437      0.674 67734      0.000      0.000      0.000      1.000      4.000
     0.735      0.929      0.652      0.660      0.620      1.312      0.806 81936      0.000      0.000      0.000      1.000      4.000
     0.742      0.621      0.229      0.053     -0.525      1.312     -0.064 85437      0.000      0.000      0.000      1.000      4.000
    -0.241      0.039      0.110      0.080      0.099      0.237      0.258 32948      0.065      0.000      0.000      0.935      4.000
     0.959      1.132      0.850      1.016      0.689      1.140      1.121 90848      0.000      0.000      0.000      1.000      4.000
     0.735      0.445      0.346      0.325      0.007      0.639      0.201 84010      0.000      0.000      0.000      1.000      4.000
     0.393      0.312      0.629      0.623      0.252      0.800      0.850 26831      0.000      0.000      0.000      1.000      4.000
     0.802      0.911      0.536      0.772      0.661      0.750      0.966 39579      0.000      0.000      0.000      1.000      4.000
     0.924      1.657      0.164      0.541      0.425      0.994      0.601 59439      0.000      0.000      0.000      1.000      4.000
     0.768      0.574      0.320      0.564     -0.058      0.223      0.531 77464      0.000      0.000      0.000      1.000      4.000
    -0.542     -0.517      0.225      0.396      0.195     -1.020      0.483 67594      0.000      1.000      0.000      0.000      2.000
    -0.591     -0.517      0.927      1.077      0.814     -0.977      1.103 15110      0.000      0.999      0.000      0.001      2.000
    -0.495     -0.605      0.170      0.096     -0.087     -0.574     -0.061 38660      0.998      0.002      0.000      0.000      1.000
    -0.145     -0.086     -0.579     -0.676     -0.418      0.010     -0.778 40667      0.003      0.000      0.997      0.000      3.000
     0.066     -0.060     -0.950     -1.329     -1.310      0.640     -1.638 27745      0.000      0.000      1.000      0.000      3.000
     0.923      1.001      0.252      0.289      0.149      1.491      0.638 91459      0.000      0.000      0.000      1.000      4.000
    -0.981     -1.201      0.853      0.869      0.986     -1.420      0.923 30876      0.000      1.000      0.000      0.000      2.000
     0.901      1.487      0.992      1.178      0.961      1.303      1.252 74369      0.000      0.000      0.000      1.000      4.000
     0.139     -0.193     -0.882     -1.172     -1.044      0.441     -1.302 19288      0.000      0.000      1.000      0.000      3.000
     0.468      0.329      0.483      0.496     -0.084      0.529      0.359 11824      0.000      0.000      0.000      1.000      4.000
     0.560      0.711      0.771      0.957     -0.083      0.559      0.968 89955      0.000      0.000      0.000      1.000      4.000
    -0.155     -0.132     -0.838     -0.933     -0.628     -0.081     -0.981 25110      0.000      0.000      1.000      0.000      3.000
    -0.795     -0.744      0.169      0.255      0.607     -1.204      0.357 24789      0.000      1.000      0.000      0.000      2.000
    -1.098     -1.746      1.064      1.005      1.113     -1.660      1.083 60045      0.000      1.000      0.000      0.000      2.000
    -0.848     -1.145      0.095     -0.029      0.071     -0.941     -0.018 60417      0.043      0.957      0.000      0.000      2.000
     0.390      0.409      0.464      0.550      0.016      0.496      0.721 78236      0.000      0.000      0.000      1.000      4.000
    -0.648     -0.769     -0.087     -0.076      0.140     -0.751      0.196 38985      0.895      0.105      0.000      0.000      1.000
    -0.581     -0.695      0.455     -0.024      0.571      0.846      0.423 40230      0.000      0.000      0.000      1.000      4.000
    -0.493     -0.709      0.285      0.082      0.225     -0.004      0.356 41893      0.600      0.138      0.000      0.262      1.000
    -0.052      0.186      0.471      0.548      0.508      0.079      0.697 89425      0.000      0.000      0.000      1.000      4.000
    -0.160     -0.573     -0.282     -0.395     -0.196     -0.526     -0.587 63710      1.000      0.000      0.000      0.000      1.000
    -0.726     -0.866      0.483      0.415      0.552     -0.788      0.528 42054      0.000      1.000      0.000      0.000      2.000
